X Y
0.0 0.0
0.0 0.1
0.0 0.2
0.0 0.30000000000000004
0.0 0.4
0.0 0.5
0.0 0.6
0.0 0.7
0.0 0.7999999999999999
0.0 0.8999999999999999
0.0 0.9999999999999999
0.0 1.0999999999999999
0.0 1.2
0.0 1.3
0.0 1.4000000000000001
0.0 1.5000000000000002
0.0 1.6000000000000003
0.0 1.7000000000000004
0.0 1.8000000000000005
0.0 1.9000000000000006
0.0 2.0000000000000004
0.0 2.1000000000000005
0.0 2.2000000000000006
0.0 2.3000000000000007
0.0 2.400000000000001
0.0 2.500000000000001
0.0 2.600000000000001
0.0 2.700000000000001
0.0 2.800000000000001
0.0 2.9000000000000012
0.0 3.0000000000000013
0.1 0.0
0.1 0.1
0.1 0.2
0.1 0.30000000000000004
0.1 0.4
0.1 0.5
0.1 0.6
0.1 0.7
0.1 0.7999999999999999
0.1 0.8999999999999999
0.1 0.9999999999999999
0.1 1.0999999999999999
0.1 1.2
0.1 1.3
0.1 1.4000000000000001
0.1 1.5000000000000002
0.1 1.6000000000000003
0.1 1.7000000000000004
0.1 1.8000000000000005
0.1 1.9000000000000006
0.1 2.0000000000000004
0.1 2.1000000000000005
0.1 2.2000000000000006
0.1 2.3000000000000007
0.1 2.400000000000001
0.1 2.500000000000001
0.1 2.600000000000001
0.1 2.700000000000001
0.1 2.800000000000001
0.1 2.9000000000000012
0.1 3.0000000000000013
0.2 0.0
0.2 0.1
0.2 0.2
0.2 0.30000000000000004
0.2 0.4
0.2 0.5
0.2 0.6
0.2 0.7
0.2 0.7999999999999999
0.2 0.8999999999999999
0.2 0.9999999999999999
0.2 1.0999999999999999
0.2 1.2
0.2 1.3
0.2 1.4000000000000001
0.2 1.5000000000000002
0.2 1.6000000000000003
0.2 1.7000000000000004
0.2 1.8000000000000005
0.2 1.9000000000000006
0.2 2.0000000000000004
0.2 2.1000000000000005
0.2 2.2000000000000006
0.2 2.3000000000000007
0.2 2.400000000000001
0.2 2.500000000000001
0.2 2.600000000000001
0.2 2.700000000000001
0.2 2.800000000000001
0.2 2.9000000000000012
0.2 3.0000000000000013
0.30000000000000004 0.0
0.30000000000000004 0.1
0.30000000000000004 0.2
0.30000000000000004 0.30000000000000004
0.30000000000000004 0.4
0.30000000000000004 0.5
0.30000000000000004 0.6
0.30000000000000004 0.7
0.30000000000000004 0.7999999999999999
0.30000000000000004 0.8999999999999999
0.30000000000000004 0.9999999999999999
0.30000000000000004 1.0999999999999999
0.30000000000000004 1.2
0.30000000000000004 1.3
0.30000000000000004 1.4000000000000001
0.30000000000000004 1.5000000000000002
0.30000000000000004 1.6000000000000003
0.30000000000000004 1.7000000000000004
0.30000000000000004 1.8000000000000005
0.30000000000000004 1.9000000000000006
0.30000000000000004 2.0000000000000004
0.30000000000000004 2.1000000000000005
0.30000000000000004 2.2000000000000006
0.30000000000000004 2.3000000000000007
0.30000000000000004 2.400000000000001
0.30000000000000004 2.500000000000001
0.30000000000000004 2.600000000000001
0.30000000000000004 2.700000000000001
0.30000000000000004 2.800000000000001
0.30000000000000004 2.9000000000000012
0.30000000000000004 3.0000000000000013
0.4 0.0
0.4 0.1
0.4 0.2
0.4 0.30000000000000004
0.4 0.4
0.4 0.5
0.4 0.6
0.4 0.7
0.4 0.7999999999999999
0.4 0.8999999999999999
0.4 0.9999999999999999
0.4 1.0999999999999999
0.4 1.2
0.4 1.3
0.4 1.4000000000000001
0.4 1.5000000000000002
0.4 1.6000000000000003
0.4 1.7000000000000004
0.4 1.8000000000000005
0.4 1.9000000000000006
0.4 2.0000000000000004
0.4 2.1000000000000005
0.4 2.2000000000000006
0.4 2.3000000000000007
0.4 2.400000000000001
0.4 2.500000000000001
0.4 2.600000000000001
0.4 2.700000000000001
0.4 2.800000000000001
0.4 2.9000000000000012
0.4 3.0000000000000013
0.5 0.0
0.5 0.1
0.5 0.2
0.5 0.30000000000000004
0.5 0.4
0.5 0.5
0.5 0.6
0.5 0.7
0.5 0.7999999999999999
0.5 0.8999999999999999
0.5 0.9999999999999999
0.5 1.0999999999999999
0.5 1.2
0.5 1.3
0.5 1.4000000000000001
0.5 1.5000000000000002
0.5 1.6000000000000003
0.5 1.7000000000000004
0.5 1.8000000000000005
0.5 1.9000000000000006
0.5 2.0000000000000004
0.5 2.1000000000000005
0.5 2.2000000000000006
0.5 2.3000000000000007
0.5 2.400000000000001
0.5 2.500000000000001
0.5 2.600000000000001
0.5 2.700000000000001
0.5 2.800000000000001
0.5 2.9000000000000012
0.5 3.0000000000000013
0.6 0.0
0.6 0.1
0.6 0.2
0.6 0.30000000000000004
0.6 0.4
0.6 0.5
0.6 0.6
0.6 0.7
0.6 0.7999999999999999
0.6 0.8999999999999999
0.6 0.9999999999999999
0.6 1.0999999999999999
0.6 1.2
0.6 1.3
0.6 1.4000000000000001
0.6 1.5000000000000002
0.6 1.6000000000000003
0.6 1.7000000000000004
0.6 1.8000000000000005
0.6 1.9000000000000006
0.6 2.0000000000000004
0.6 2.1000000000000005
0.6 2.2000000000000006
0.6 2.3000000000000007
0.6 2.400000000000001
0.6 2.500000000000001
0.6 2.600000000000001
0.6 2.700000000000001
0.6 2.800000000000001
0.6 2.9000000000000012
0.6 3.0000000000000013
0.7 0.0
0.7 0.1
0.7 0.2
0.7 0.30000000000000004
0.7 0.4
0.7 0.5
0.7 0.6
0.7 0.7
0.7 0.7999999999999999
0.7 0.8999999999999999
0.7 0.9999999999999999
0.7 1.0999999999999999
0.7 1.2
0.7 1.3
0.7 1.4000000000000001
0.7 1.5000000000000002
0.7 1.6000000000000003
0.7 1.7000000000000004
0.7 1.8000000000000005
0.7 1.9000000000000006
0.7 2.0000000000000004
0.7 2.1000000000000005
0.7 2.2000000000000006
0.7 2.3000000000000007
0.7 2.400000000000001
0.7 2.500000000000001
0.7 2.600000000000001
0.7 2.700000000000001
0.7 2.800000000000001
0.7 2.9000000000000012
0.7 3.0000000000000013
0.7999999999999999 0.0
0.7999999999999999 0.1
0.7999999999999999 0.2
0.7999999999999999 0.30000000000000004
0.7999999999999999 0.4
0.7999999999999999 0.5
0.7999999999999999 0.6
0.7999999999999999 0.7
0.7999999999999999 0.7999999999999999
0.7999999999999999 0.8999999999999999
0.7999999999999999 0.9999999999999999
0.7999999999999999 1.0999999999999999
0.7999999999999999 1.2
0.7999999999999999 1.3
0.7999999999999999 1.4000000000000001
0.7999999999999999 1.5000000000000002
0.7999999999999999 1.6000000000000003
0.7999999999999999 1.7000000000000004
0.7999999999999999 1.8000000000000005
0.7999999999999999 1.9000000000000006
0.7999999999999999 2.0000000000000004
0.7999999999999999 2.1000000000000005
0.7999999999999999 2.2000000000000006
0.7999999999999999 2.3000000000000007
0.7999999999999999 2.400000000000001
0.7999999999999999 2.500000000000001
0.7999999999999999 2.600000000000001
0.7999999999999999 2.700000000000001
0.7999999999999999 2.800000000000001
0.7999999999999999 2.9000000000000012
0.7999999999999999 3.0000000000000013
0.8999999999999999 0.0
0.8999999999999999 0.1
0.8999999999999999 0.2
0.8999999999999999 0.30000000000000004
0.8999999999999999 0.4
0.8999999999999999 0.5
0.8999999999999999 0.6
0.8999999999999999 0.7
0.8999999999999999 0.7999999999999999
0.8999999999999999 0.8999999999999999
0.8999999999999999 0.9999999999999999
0.8999999999999999 1.0999999999999999
0.8999999999999999 1.2
0.8999999999999999 1.3
0.8999999999999999 1.4000000000000001
0.8999999999999999 1.5000000000000002
0.8999999999999999 1.6000000000000003
0.8999999999999999 1.7000000000000004
0.8999999999999999 1.8000000000000005
0.8999999999999999 1.9000000000000006
0.8999999999999999 2.0000000000000004
0.8999999999999999 2.1000000000000005
0.8999999999999999 2.2000000000000006
0.8999999999999999 2.3000000000000007
0.8999999999999999 2.400000000000001
0.8999999999999999 2.500000000000001
0.8999999999999999 2.600000000000001
0.8999999999999999 2.700000000000001
0.8999999999999999 2.800000000000001
0.8999999999999999 2.9000000000000012
0.8999999999999999 3.0000000000000013
0.9999999999999999 0.0
0.9999999999999999 0.1
0.9999999999999999 0.2
0.9999999999999999 0.30000000000000004
0.9999999999999999 0.4
0.9999999999999999 0.5
0.9999999999999999 0.6
0.9999999999999999 0.7
0.9999999999999999 0.7999999999999999
0.9999999999999999 0.8999999999999999
0.9999999999999999 0.9999999999999999
0.9999999999999999 1.0999999999999999
0.9999999999999999 1.2
0.9999999999999999 1.3
0.9999999999999999 1.4000000000000001
0.9999999999999999 1.5000000000000002
0.9999999999999999 1.6000000000000003
0.9999999999999999 1.7000000000000004
0.9999999999999999 1.8000000000000005
0.9999999999999999 1.9000000000000006
0.9999999999999999 2.0000000000000004
0.9999999999999999 2.1000000000000005
0.9999999999999999 2.2000000000000006
0.9999999999999999 2.3000000000000007
0.9999999999999999 2.400000000000001
0.9999999999999999 2.500000000000001
0.9999999999999999 2.600000000000001
0.9999999999999999 2.700000000000001
0.9999999999999999 2.800000000000001
0.9999999999999999 2.9000000000000012
0.9999999999999999 3.0000000000000013
1.0999999999999999 0.0
1.0999999999999999 0.1
1.0999999999999999 0.2
1.0999999999999999 0.30000000000000004
1.0999999999999999 0.4
1.0999999999999999 0.5
1.0999999999999999 0.6
1.0999999999999999 0.7
1.0999999999999999 0.7999999999999999
1.0999999999999999 0.8999999999999999
1.0999999999999999 0.9999999999999999
1.0999999999999999 1.0999999999999999
1.0999999999999999 1.2
1.0999999999999999 1.3
1.0999999999999999 1.4000000000000001
1.0999999999999999 1.5000000000000002
1.0999999999999999 1.6000000000000003
1.0999999999999999 1.7000000000000004
1.0999999999999999 1.8000000000000005
1.0999999999999999 1.9000000000000006
1.0999999999999999 2.0000000000000004
1.0999999999999999 2.1000000000000005
1.0999999999999999 2.2000000000000006
1.0999999999999999 2.3000000000000007
1.0999999999999999 2.400000000000001
1.0999999999999999 2.500000000000001
1.0999999999999999 2.600000000000001
1.0999999999999999 2.700000000000001
1.0999999999999999 2.800000000000001
1.0999999999999999 2.9000000000000012
1.0999999999999999 3.0000000000000013
1.2 0.0
1.2 0.1
1.2 0.2
1.2 0.30000000000000004
1.2 0.4
1.2 0.5
1.2 0.6
1.2 0.7
1.2 0.7999999999999999
1.2 0.8999999999999999
1.2 0.9999999999999999
1.2 1.0999999999999999
1.2 1.2
1.2 1.3
1.2 1.4000000000000001
1.2 1.5000000000000002
1.2 1.6000000000000003
1.2 1.7000000000000004
1.2 1.8000000000000005
1.2 1.9000000000000006
1.2 2.0000000000000004
1.2 2.1000000000000005
1.2 2.2000000000000006
1.2 2.3000000000000007
1.2 2.400000000000001
1.2 2.500000000000001
1.2 2.600000000000001
1.2 2.700000000000001
1.2 2.800000000000001
1.2 2.9000000000000012
1.2 3.0000000000000013
1.3 0.0
1.3 0.1
1.3 0.2
1.3 0.30000000000000004
1.3 0.4
1.3 0.5
1.3 0.6
1.3 0.7
1.3 0.7999999999999999
1.3 0.8999999999999999
1.3 0.9999999999999999
1.3 1.0999999999999999
1.3 1.2
1.3 1.3
1.3 1.4000000000000001
1.3 1.5000000000000002
1.3 1.6000000000000003
1.3 1.7000000000000004
1.3 1.8000000000000005
1.3 1.9000000000000006
1.3 2.0000000000000004
1.3 2.1000000000000005
1.3 2.2000000000000006
1.3 2.3000000000000007
1.3 2.400000000000001
1.3 2.500000000000001
1.3 2.600000000000001
1.3 2.700000000000001
1.3 2.800000000000001
1.3 2.9000000000000012
1.3 3.0000000000000013
1.4000000000000001 0.0
1.4000000000000001 0.1
1.4000000000000001 0.2
1.4000000000000001 0.30000000000000004
1.4000000000000001 0.4
1.4000000000000001 0.5
1.4000000000000001 0.6
1.4000000000000001 0.7
1.4000000000000001 0.7999999999999999
1.4000000000000001 0.8999999999999999
1.4000000000000001 0.9999999999999999
1.4000000000000001 1.0999999999999999
1.4000000000000001 1.2
1.4000000000000001 1.3
1.4000000000000001 1.4000000000000001
1.4000000000000001 1.5000000000000002
1.4000000000000001 1.6000000000000003
1.4000000000000001 1.7000000000000004
1.4000000000000001 1.8000000000000005
1.4000000000000001 1.9000000000000006
1.4000000000000001 2.0000000000000004
1.4000000000000001 2.1000000000000005
1.4000000000000001 2.2000000000000006
1.4000000000000001 2.3000000000000007
1.4000000000000001 2.400000000000001
1.4000000000000001 2.500000000000001
1.4000000000000001 2.600000000000001
1.4000000000000001 2.700000000000001
1.4000000000000001 2.800000000000001
1.4000000000000001 2.9000000000000012
1.4000000000000001 3.0000000000000013
1.5000000000000002 0.0
1.5000000000000002 0.1
1.5000000000000002 0.2
1.5000000000000002 0.30000000000000004
1.5000000000000002 0.4
1.5000000000000002 0.5
1.5000000000000002 0.6
1.5000000000000002 0.7
1.5000000000000002 0.7999999999999999
1.5000000000000002 0.8999999999999999
1.5000000000000002 0.9999999999999999
1.5000000000000002 1.0999999999999999
1.5000000000000002 1.2
1.5000000000000002 1.3
1.5000000000000002 1.4000000000000001
1.5000000000000002 1.5000000000000002
1.5000000000000002 1.6000000000000003
1.5000000000000002 1.7000000000000004
1.5000000000000002 1.8000000000000005
1.5000000000000002 1.9000000000000006
1.5000000000000002 2.0000000000000004
1.5000000000000002 2.1000000000000005
1.5000000000000002 2.2000000000000006
1.5000000000000002 2.3000000000000007
1.5000000000000002 2.400000000000001
1.5000000000000002 2.500000000000001
1.5000000000000002 2.600000000000001
1.5000000000000002 2.700000000000001
1.5000000000000002 2.800000000000001
1.5000000000000002 2.9000000000000012
1.5000000000000002 3.0000000000000013
1.6000000000000003 0.0
1.6000000000000003 0.1
1.6000000000000003 0.2
1.6000000000000003 0.30000000000000004
1.6000000000000003 0.4
1.6000000000000003 0.5
1.6000000000000003 0.6
1.6000000000000003 0.7
1.6000000000000003 0.7999999999999999
1.6000000000000003 0.8999999999999999
1.6000000000000003 0.9999999999999999
1.6000000000000003 1.0999999999999999
1.6000000000000003 1.2
1.6000000000000003 1.3
1.6000000000000003 1.4000000000000001
1.6000000000000003 1.5000000000000002
1.6000000000000003 1.6000000000000003
1.6000000000000003 1.7000000000000004
1.6000000000000003 1.8000000000000005
1.6000000000000003 1.9000000000000006
1.6000000000000003 2.0000000000000004
1.6000000000000003 2.1000000000000005
1.6000000000000003 2.2000000000000006
1.6000000000000003 2.3000000000000007
1.6000000000000003 2.400000000000001
1.6000000000000003 2.500000000000001
1.6000000000000003 2.600000000000001
1.6000000000000003 2.700000000000001
1.6000000000000003 2.800000000000001
1.6000000000000003 2.9000000000000012
1.6000000000000003 3.0000000000000013
1.7000000000000004 0.0
1.7000000000000004 0.1
1.7000000000000004 0.2
1.7000000000000004 0.30000000000000004
1.7000000000000004 0.4
1.7000000000000004 0.5
1.7000000000000004 0.6
1.7000000000000004 0.7
1.7000000000000004 0.7999999999999999
1.7000000000000004 0.8999999999999999
1.7000000000000004 0.9999999999999999
1.7000000000000004 1.0999999999999999
1.7000000000000004 1.2
1.7000000000000004 1.3
1.7000000000000004 1.4000000000000001
1.7000000000000004 1.5000000000000002
1.7000000000000004 1.6000000000000003
1.7000000000000004 1.7000000000000004
1.7000000000000004 1.8000000000000005
1.7000000000000004 1.9000000000000006
1.7000000000000004 2.0000000000000004
1.7000000000000004 2.1000000000000005
1.7000000000000004 2.2000000000000006
1.7000000000000004 2.3000000000000007
1.7000000000000004 2.400000000000001
1.7000000000000004 2.500000000000001
1.7000000000000004 2.600000000000001
1.7000000000000004 2.700000000000001
1.7000000000000004 2.800000000000001
1.7000000000000004 2.9000000000000012
1.7000000000000004 3.0000000000000013
1.8000000000000005 0.0
1.8000000000000005 0.1
1.8000000000000005 0.2
1.8000000000000005 0.30000000000000004
1.8000000000000005 0.4
1.8000000000000005 0.5
1.8000000000000005 0.6
1.8000000000000005 0.7
1.8000000000000005 0.7999999999999999
1.8000000000000005 0.8999999999999999
1.8000000000000005 0.9999999999999999
1.8000000000000005 1.0999999999999999
1.8000000000000005 1.2
1.8000000000000005 1.3
1.8000000000000005 1.4000000000000001
1.8000000000000005 1.5000000000000002
1.8000000000000005 1.6000000000000003
1.8000000000000005 1.7000000000000004
1.8000000000000005 1.8000000000000005
1.8000000000000005 1.9000000000000006
1.8000000000000005 2.0000000000000004
1.8000000000000005 2.1000000000000005
1.8000000000000005 2.2000000000000006
1.8000000000000005 2.3000000000000007
1.8000000000000005 2.400000000000001
1.8000000000000005 2.500000000000001
1.8000000000000005 2.600000000000001
1.8000000000000005 2.700000000000001
1.8000000000000005 2.800000000000001
1.8000000000000005 2.9000000000000012
1.8000000000000005 3.0000000000000013
1.9000000000000006 0.0
1.9000000000000006 0.1
1.9000000000000006 0.2
1.9000000000000006 0.30000000000000004
1.9000000000000006 0.4
1.9000000000000006 0.5
1.9000000000000006 0.6
1.9000000000000006 0.7
1.9000000000000006 0.7999999999999999
1.9000000000000006 0.8999999999999999
1.9000000000000006 0.9999999999999999
1.9000000000000006 1.0999999999999999
1.9000000000000006 1.2
1.9000000000000006 1.3
1.9000000000000006 1.4000000000000001
1.9000000000000006 1.5000000000000002
1.9000000000000006 1.6000000000000003
1.9000000000000006 1.7000000000000004
1.9000000000000006 1.8000000000000005
1.9000000000000006 1.9000000000000006
1.9000000000000006 2.0000000000000004
1.9000000000000006 2.1000000000000005
1.9000000000000006 2.2000000000000006
1.9000000000000006 2.3000000000000007
1.9000000000000006 2.400000000000001
1.9000000000000006 2.500000000000001
1.9000000000000006 2.600000000000001
1.9000000000000006 2.700000000000001
1.9000000000000006 2.800000000000001
1.9000000000000006 2.9000000000000012
1.9000000000000006 3.0000000000000013
2.0000000000000004 0.0
2.0000000000000004 0.1
2.0000000000000004 0.2
2.0000000000000004 0.30000000000000004
2.0000000000000004 0.4
2.0000000000000004 0.5
2.0000000000000004 0.6
2.0000000000000004 0.7
2.0000000000000004 0.7999999999999999
2.0000000000000004 0.8999999999999999
2.0000000000000004 0.9999999999999999
2.0000000000000004 1.0999999999999999
2.0000000000000004 1.2
2.0000000000000004 1.3
2.0000000000000004 1.4000000000000001
2.0000000000000004 1.5000000000000002
2.0000000000000004 1.6000000000000003
2.0000000000000004 1.7000000000000004
2.0000000000000004 1.8000000000000005
2.0000000000000004 1.9000000000000006
2.0000000000000004 2.0000000000000004
2.0000000000000004 2.1000000000000005
2.0000000000000004 2.2000000000000006
2.0000000000000004 2.3000000000000007
2.0000000000000004 2.400000000000001
2.0000000000000004 2.500000000000001
2.0000000000000004 2.600000000000001
2.0000000000000004 2.700000000000001
2.0000000000000004 2.800000000000001
2.0000000000000004 2.9000000000000012
2.0000000000000004 3.0000000000000013
2.1000000000000005 0.0
2.1000000000000005 0.1
2.1000000000000005 0.2
2.1000000000000005 0.30000000000000004
2.1000000000000005 0.4
2.1000000000000005 0.5
2.1000000000000005 0.6
2.1000000000000005 0.7
2.1000000000000005 0.7999999999999999
2.1000000000000005 0.8999999999999999
2.1000000000000005 0.9999999999999999
2.1000000000000005 1.0999999999999999
2.1000000000000005 1.2
2.1000000000000005 1.3
2.1000000000000005 1.4000000000000001
2.1000000000000005 1.5000000000000002
2.1000000000000005 1.6000000000000003
2.1000000000000005 1.7000000000000004
2.1000000000000005 1.8000000000000005
2.1000000000000005 1.9000000000000006
2.1000000000000005 2.0000000000000004
2.1000000000000005 2.1000000000000005
2.1000000000000005 2.2000000000000006
2.1000000000000005 2.3000000000000007
2.1000000000000005 2.400000000000001
2.1000000000000005 2.500000000000001
2.1000000000000005 2.600000000000001
2.1000000000000005 2.700000000000001
2.1000000000000005 2.800000000000001
2.1000000000000005 2.9000000000000012
2.1000000000000005 3.0000000000000013
2.2000000000000006 0.0
2.2000000000000006 0.1
2.2000000000000006 0.2
2.2000000000000006 0.30000000000000004
2.2000000000000006 0.4
2.2000000000000006 0.5
2.2000000000000006 0.6
2.2000000000000006 0.7
2.2000000000000006 0.7999999999999999
2.2000000000000006 0.8999999999999999
2.2000000000000006 0.9999999999999999
2.2000000000000006 1.0999999999999999
2.2000000000000006 1.2
2.2000000000000006 1.3
2.2000000000000006 1.4000000000000001
2.2000000000000006 1.5000000000000002
2.2000000000000006 1.6000000000000003
2.2000000000000006 1.7000000000000004
2.2000000000000006 1.8000000000000005
2.2000000000000006 1.9000000000000006
2.2000000000000006 2.0000000000000004
2.2000000000000006 2.1000000000000005
2.2000000000000006 2.2000000000000006
2.2000000000000006 2.3000000000000007
2.2000000000000006 2.400000000000001
2.2000000000000006 2.500000000000001
2.2000000000000006 2.600000000000001
2.2000000000000006 2.700000000000001
2.2000000000000006 2.800000000000001
2.2000000000000006 2.9000000000000012
2.2000000000000006 3.0000000000000013
2.3000000000000007 0.0
2.3000000000000007 0.1
2.3000000000000007 0.2
2.3000000000000007 0.30000000000000004
2.3000000000000007 0.4
2.3000000000000007 0.5
2.3000000000000007 0.6
2.3000000000000007 0.7
2.3000000000000007 0.7999999999999999
2.3000000000000007 0.8999999999999999
2.3000000000000007 0.9999999999999999
2.3000000000000007 1.0999999999999999
2.3000000000000007 1.2
2.3000000000000007 1.3
2.3000000000000007 1.4000000000000001
2.3000000000000007 1.5000000000000002
2.3000000000000007 1.6000000000000003
2.3000000000000007 1.7000000000000004
2.3000000000000007 1.8000000000000005
2.3000000000000007 1.9000000000000006
2.3000000000000007 2.0000000000000004
2.3000000000000007 2.1000000000000005
2.3000000000000007 2.2000000000000006
2.3000000000000007 2.3000000000000007
2.3000000000000007 2.400000000000001
2.3000000000000007 2.500000000000001
2.3000000000000007 2.600000000000001
2.3000000000000007 2.700000000000001
2.3000000000000007 2.800000000000001
2.3000000000000007 2.9000000000000012
2.3000000000000007 3.0000000000000013
2.400000000000001 0.0
2.400000000000001 0.1
2.400000000000001 0.2
2.400000000000001 0.30000000000000004
2.400000000000001 0.4
2.400000000000001 0.5
2.400000000000001 0.6
2.400000000000001 0.7
2.400000000000001 0.7999999999999999
2.400000000000001 0.8999999999999999
2.400000000000001 0.9999999999999999
2.400000000000001 1.0999999999999999
2.400000000000001 1.2
2.400000000000001 1.3
2.400000000000001 1.4000000000000001
2.400000000000001 1.5000000000000002
2.400000000000001 1.6000000000000003
2.400000000000001 1.7000000000000004
2.400000000000001 1.8000000000000005
2.400000000000001 1.9000000000000006
2.400000000000001 2.0000000000000004
2.400000000000001 2.1000000000000005
2.400000000000001 2.2000000000000006
2.400000000000001 2.3000000000000007
2.400000000000001 2.400000000000001
2.400000000000001 2.500000000000001
2.400000000000001 2.600000000000001
2.400000000000001 2.700000000000001
2.400000000000001 2.800000000000001
2.400000000000001 2.9000000000000012
2.400000000000001 3.0000000000000013
2.500000000000001 0.0
2.500000000000001 0.1
2.500000000000001 0.2
2.500000000000001 0.30000000000000004
2.500000000000001 0.4
2.500000000000001 0.5
2.500000000000001 0.6
2.500000000000001 0.7
2.500000000000001 0.7999999999999999
2.500000000000001 0.8999999999999999
2.500000000000001 0.9999999999999999
2.500000000000001 1.0999999999999999
2.500000000000001 1.2
2.500000000000001 1.3
2.500000000000001 1.4000000000000001
2.500000000000001 1.5000000000000002
2.500000000000001 1.6000000000000003
2.500000000000001 1.7000000000000004
2.500000000000001 1.8000000000000005
2.500000000000001 1.9000000000000006
2.500000000000001 2.0000000000000004
2.500000000000001 2.1000000000000005
2.500000000000001 2.2000000000000006
2.500000000000001 2.3000000000000007
2.500000000000001 2.400000000000001
2.500000000000001 2.500000000000001
2.500000000000001 2.600000000000001
2.500000000000001 2.700000000000001
2.500000000000001 2.800000000000001
2.500000000000001 2.9000000000000012
2.500000000000001 3.0000000000000013
2.600000000000001 0.0
2.600000000000001 0.1
2.600000000000001 0.2
2.600000000000001 0.30000000000000004
2.600000000000001 0.4
2.600000000000001 0.5
2.600000000000001 0.6
2.600000000000001 0.7
2.600000000000001 0.7999999999999999
2.600000000000001 0.8999999999999999
2.600000000000001 0.9999999999999999
2.600000000000001 1.0999999999999999
2.600000000000001 1.2
2.600000000000001 1.3
2.600000000000001 1.4000000000000001
2.600000000000001 1.5000000000000002
2.600000000000001 1.6000000000000003
2.600000000000001 1.7000000000000004
2.600000000000001 1.8000000000000005
2.600000000000001 1.9000000000000006
2.600000000000001 2.0000000000000004
2.600000000000001 2.1000000000000005
2.600000000000001 2.2000000000000006
2.600000000000001 2.3000000000000007
2.600000000000001 2.400000000000001
2.600000000000001 2.500000000000001
2.600000000000001 2.600000000000001
2.600000000000001 2.700000000000001
2.600000000000001 2.800000000000001
2.600000000000001 2.9000000000000012
2.600000000000001 3.0000000000000013
2.700000000000001 0.0
2.700000000000001 0.1
2.700000000000001 0.2
2.700000000000001 0.30000000000000004
2.700000000000001 0.4
2.700000000000001 0.5
2.700000000000001 0.6
2.700000000000001 0.7
2.700000000000001 0.7999999999999999
2.700000000000001 0.8999999999999999
2.700000000000001 0.9999999999999999
2.700000000000001 1.0999999999999999
2.700000000000001 1.2
2.700000000000001 1.3
2.700000000000001 1.4000000000000001
2.700000000000001 1.5000000000000002
2.700000000000001 1.6000000000000003
2.700000000000001 1.7000000000000004
2.700000000000001 1.8000000000000005
2.700000000000001 1.9000000000000006
2.700000000000001 2.0000000000000004
2.700000000000001 2.1000000000000005
2.700000000000001 2.2000000000000006
2.700000000000001 2.3000000000000007
2.700000000000001 2.400000000000001
2.700000000000001 2.500000000000001
2.700000000000001 2.600000000000001
2.700000000000001 2.700000000000001
2.700000000000001 2.800000000000001
2.700000000000001 2.9000000000000012
2.700000000000001 3.0000000000000013
2.800000000000001 0.0
2.800000000000001 0.1
2.800000000000001 0.2
2.800000000000001 0.30000000000000004
2.800000000000001 0.4
2.800000000000001 0.5
2.800000000000001 0.6
2.800000000000001 0.7
2.800000000000001 0.7999999999999999
2.800000000000001 0.8999999999999999
2.800000000000001 0.9999999999999999
2.800000000000001 1.0999999999999999
2.800000000000001 1.2
2.800000000000001 1.3
2.800000000000001 1.4000000000000001
2.800000000000001 1.5000000000000002
2.800000000000001 1.6000000000000003
2.800000000000001 1.7000000000000004
2.800000000000001 1.8000000000000005
2.800000000000001 1.9000000000000006
2.800000000000001 2.0000000000000004
2.800000000000001 2.1000000000000005
2.800000000000001 2.2000000000000006
2.800000000000001 2.3000000000000007
2.800000000000001 2.400000000000001
2.800000000000001 2.500000000000001
2.800000000000001 2.600000000000001
2.800000000000001 2.700000000000001
2.800000000000001 2.800000000000001
2.800000000000001 2.9000000000000012
2.800000000000001 3.0000000000000013
2.9000000000000012 0.0
2.9000000000000012 0.1
2.9000000000000012 0.2
2.9000000000000012 0.30000000000000004
2.9000000000000012 0.4
2.9000000000000012 0.5
2.9000000000000012 0.6
2.9000000000000012 0.7
2.9000000000000012 0.7999999999999999
2.9000000000000012 0.8999999999999999
2.9000000000000012 0.9999999999999999
2.9000000000000012 1.0999999999999999
2.9000000000000012 1.2
2.9000000000000012 1.3
2.9000000000000012 1.4000000000000001
2.9000000000000012 1.5000000000000002
2.9000000000000012 1.6000000000000003
2.9000000000000012 1.7000000000000004
2.9000000000000012 1.8000000000000005
2.9000000000000012 1.9000000000000006
2.9000000000000012 2.0000000000000004
2.9000000000000012 2.1000000000000005
2.9000000000000012 2.2000000000000006
2.9000000000000012 2.3000000000000007
2.9000000000000012 2.400000000000001
2.9000000000000012 2.500000000000001
2.9000000000000012 2.600000000000001
2.9000000000000012 2.700000000000001
2.9000000000000012 2.800000000000001
2.9000000000000012 2.9000000000000012
2.9000000000000012 3.0000000000000013
3.0000000000000013 0.0
3.0000000000000013 0.1
3.0000000000000013 0.2
3.0000000000000013 0.30000000000000004
3.0000000000000013 0.4
3.0000000000000013 0.5
3.0000000000000013 0.6
3.0000000000000013 0.7
3.0000000000000013 0.7999999999999999
3.0000000000000013 0.8999999999999999
3.0000000000000013 0.9999999999999999
3.0000000000000013 1.0999999999999999
3.0000000000000013 1.2
3.0000000000000013 1.3
3.0000000000000013 1.4000000000000001
3.0000000000000013 1.5000000000000002
3.0000000000000013 1.6000000000000003
3.0000000000000013 1.7000000000000004
3.0000000000000013 1.8000000000000005
3.0000000000000013 1.9000000000000006
3.0000000000000013 2.0000000000000004
3.0000000000000013 2.1000000000000005
3.0000000000000013 2.2000000000000006
3.0000000000000013 2.3000000000000007
3.0000000000000013 2.400000000000001
3.0000000000000013 2.500000000000001
3.0000000000000013 2.600000000000001
3.0000000000000013 2.700000000000001
3.0000000000000013 2.800000000000001
3.0000000000000013 2.9000000000000012
3.0000000000000013 3.0000000000000013
3.1000000000000014 0.0
3.1000000000000014 0.1
3.1000000000000014 0.2
3.1000000000000014 0.30000000000000004
3.1000000000000014 0.4
3.1000000000000014 0.5
3.1000000000000014 0.6
3.1000000000000014 0.7
3.1000000000000014 0.7999999999999999
3.1000000000000014 0.8999999999999999
3.1000000000000014 0.9999999999999999
3.1000000000000014 1.0999999999999999
3.1000000000000014 1.2
3.1000000000000014 1.3
3.1000000000000014 1.4000000000000001
3.1000000000000014 1.5000000000000002
3.1000000000000014 1.6000000000000003
3.1000000000000014 1.7000000000000004
3.1000000000000014 1.8000000000000005
3.1000000000000014 1.9000000000000006
3.1000000000000014 2.0000000000000004
3.1000000000000014 2.1000000000000005
3.1000000000000014 2.2000000000000006
3.1000000000000014 2.3000000000000007
3.1000000000000014 2.400000000000001
3.1000000000000014 2.500000000000001
3.1000000000000014 2.600000000000001
3.1000000000000014 2.700000000000001
3.1000000000000014 2.800000000000001
3.1000000000000014 2.9000000000000012
3.1000000000000014 3.0000000000000013
3.2000000000000015 0.0
3.2000000000000015 0.1
3.2000000000000015 0.2
3.2000000000000015 0.30000000000000004
3.2000000000000015 0.4
3.2000000000000015 0.5
3.2000000000000015 0.6
3.2000000000000015 0.7
3.2000000000000015 0.7999999999999999
3.2000000000000015 0.8999999999999999
3.2000000000000015 0.9999999999999999
3.2000000000000015 1.0999999999999999
3.2000000000000015 1.2
3.2000000000000015 1.3
3.2000000000000015 1.4000000000000001
3.2000000000000015 1.5000000000000002
3.2000000000000015 1.6000000000000003
3.2000000000000015 1.7000000000000004
3.2000000000000015 1.8000000000000005
3.2000000000000015 1.9000000000000006
3.2000000000000015 2.0000000000000004
3.2000000000000015 2.1000000000000005
3.2000000000000015 2.2000000000000006
3.2000000000000015 2.3000000000000007
3.2000000000000015 2.400000000000001
3.2000000000000015 2.500000000000001
3.2000000000000015 2.600000000000001
3.2000000000000015 2.700000000000001
3.2000000000000015 2.800000000000001
3.2000000000000015 2.9000000000000012
3.2000000000000015 3.0000000000000013
3.3000000000000016 0.0
3.3000000000000016 0.1
3.3000000000000016 0.2
3.3000000000000016 0.30000000000000004
3.3000000000000016 0.4
3.3000000000000016 0.5
3.3000000000000016 0.6
3.3000000000000016 0.7
3.3000000000000016 0.7999999999999999
3.3000000000000016 0.8999999999999999
3.3000000000000016 0.9999999999999999
3.3000000000000016 1.0999999999999999
3.3000000000000016 1.2
3.3000000000000016 1.3
3.3000000000000016 1.4000000000000001
3.3000000000000016 1.5000000000000002
3.3000000000000016 1.6000000000000003
3.3000000000000016 1.7000000000000004
3.3000000000000016 1.8000000000000005
3.3000000000000016 1.9000000000000006
3.3000000000000016 2.0000000000000004
3.3000000000000016 2.1000000000000005
3.3000000000000016 2.2000000000000006
3.3000000000000016 2.3000000000000007
3.3000000000000016 2.400000000000001
3.3000000000000016 2.500000000000001
3.3000000000000016 2.600000000000001
3.3000000000000016 2.700000000000001
3.3000000000000016 2.800000000000001
3.3000000000000016 2.9000000000000012
3.3000000000000016 3.0000000000000013
3.4000000000000017 0.0
3.4000000000000017 0.1
3.4000000000000017 0.2
3.4000000000000017 0.30000000000000004
3.4000000000000017 0.4
3.4000000000000017 0.5
3.4000000000000017 0.6
3.4000000000000017 0.7
3.4000000000000017 0.7999999999999999
3.4000000000000017 0.8999999999999999
3.4000000000000017 0.9999999999999999
3.4000000000000017 1.0999999999999999
3.4000000000000017 1.2
3.4000000000000017 1.3
3.4000000000000017 1.4000000000000001
3.4000000000000017 1.5000000000000002
3.4000000000000017 1.6000000000000003
3.4000000000000017 1.7000000000000004
3.4000000000000017 1.8000000000000005
3.4000000000000017 1.9000000000000006
3.4000000000000017 2.0000000000000004
3.4000000000000017 2.1000000000000005
3.4000000000000017 2.2000000000000006
3.4000000000000017 2.3000000000000007
3.4000000000000017 2.400000000000001
3.4000000000000017 2.500000000000001
3.4000000000000017 2.600000000000001
3.4000000000000017 2.700000000000001
3.4000000000000017 2.800000000000001
3.4000000000000017 2.9000000000000012
3.4000000000000017 3.0000000000000013
3.5000000000000018 0.0
3.5000000000000018 0.1
3.5000000000000018 0.2
3.5000000000000018 0.30000000000000004
3.5000000000000018 0.4
3.5000000000000018 0.5
3.5000000000000018 0.6
3.5000000000000018 0.7
3.5000000000000018 0.7999999999999999
3.5000000000000018 0.8999999999999999
3.5000000000000018 0.9999999999999999
3.5000000000000018 1.0999999999999999
3.5000000000000018 1.2
3.5000000000000018 1.3
3.5000000000000018 1.4000000000000001
3.5000000000000018 1.5000000000000002
3.5000000000000018 1.6000000000000003
3.5000000000000018 1.7000000000000004
3.5000000000000018 1.8000000000000005
3.5000000000000018 1.9000000000000006
3.5000000000000018 2.0000000000000004
3.5000000000000018 2.1000000000000005
3.5000000000000018 2.2000000000000006
3.5000000000000018 2.3000000000000007
3.5000000000000018 2.400000000000001
3.5000000000000018 2.500000000000001
3.5000000000000018 2.600000000000001
3.5000000000000018 2.700000000000001
3.5000000000000018 2.800000000000001
3.5000000000000018 2.9000000000000012
3.5000000000000018 3.0000000000000013
3.600000000000002 0.0
3.600000000000002 0.1
3.600000000000002 0.2
3.600000000000002 0.30000000000000004
3.600000000000002 0.4
3.600000000000002 0.5
3.600000000000002 0.6
3.600000000000002 0.7
3.600000000000002 0.7999999999999999
3.600000000000002 0.8999999999999999
3.600000000000002 0.9999999999999999
3.600000000000002 1.0999999999999999
3.600000000000002 1.2
3.600000000000002 1.3
3.600000000000002 1.4000000000000001
3.600000000000002 1.5000000000000002
3.600000000000002 1.6000000000000003
3.600000000000002 1.7000000000000004
3.600000000000002 1.8000000000000005
3.600000000000002 1.9000000000000006
3.600000000000002 2.0000000000000004
3.600000000000002 2.1000000000000005
3.600000000000002 2.2000000000000006
3.600000000000002 2.3000000000000007
3.600000000000002 2.400000000000001
3.600000000000002 2.500000000000001
3.600000000000002 2.600000000000001
3.600000000000002 2.700000000000001
3.600000000000002 2.800000000000001
3.600000000000002 2.9000000000000012
3.600000000000002 3.0000000000000013
3.700000000000002 0.0
3.700000000000002 0.1
3.700000000000002 0.2
3.700000000000002 0.30000000000000004
3.700000000000002 0.4
3.700000000000002 0.5
3.700000000000002 0.6
3.700000000000002 0.7
3.700000000000002 0.7999999999999999
3.700000000000002 0.8999999999999999
3.700000000000002 0.9999999999999999
3.700000000000002 1.0999999999999999
3.700000000000002 1.2
3.700000000000002 1.3
3.700000000000002 1.4000000000000001
3.700000000000002 1.5000000000000002
3.700000000000002 1.6000000000000003
3.700000000000002 1.7000000000000004
3.700000000000002 1.8000000000000005
3.700000000000002 1.9000000000000006
3.700000000000002 2.0000000000000004
3.700000000000002 2.1000000000000005
3.700000000000002 2.2000000000000006
3.700000000000002 2.3000000000000007
3.700000000000002 2.400000000000001
3.700000000000002 2.500000000000001
3.700000000000002 2.600000000000001
3.700000000000002 2.700000000000001
3.700000000000002 2.800000000000001
3.700000000000002 2.9000000000000012
3.700000000000002 3.0000000000000013
3.800000000000002 0.0
3.800000000000002 0.1
3.800000000000002 0.2
3.800000000000002 0.30000000000000004
3.800000000000002 0.4
3.800000000000002 0.5
3.800000000000002 0.6
3.800000000000002 0.7
3.800000000000002 0.7999999999999999
3.800000000000002 0.8999999999999999
3.800000000000002 0.9999999999999999
3.800000000000002 1.0999999999999999
3.800000000000002 1.2
3.800000000000002 1.3
3.800000000000002 1.4000000000000001
3.800000000000002 1.5000000000000002
3.800000000000002 1.6000000000000003
3.800000000000002 1.7000000000000004
3.800000000000002 1.8000000000000005
3.800000000000002 1.9000000000000006
3.800000000000002 2.0000000000000004
3.800000000000002 2.1000000000000005
3.800000000000002 2.2000000000000006
3.800000000000002 2.3000000000000007
3.800000000000002 2.400000000000001
3.800000000000002 2.500000000000001
3.800000000000002 2.600000000000001
3.800000000000002 2.700000000000001
3.800000000000002 2.800000000000001
3.800000000000002 2.9000000000000012
3.800000000000002 3.0000000000000013
3.900000000000002 0.0
3.900000000000002 0.1
3.900000000000002 0.2
3.900000000000002 0.30000000000000004
3.900000000000002 0.4
3.900000000000002 0.5
3.900000000000002 0.6
3.900000000000002 0.7
3.900000000000002 0.7999999999999999
3.900000000000002 0.8999999999999999
3.900000000000002 0.9999999999999999
3.900000000000002 1.0999999999999999
3.900000000000002 1.2
3.900000000000002 1.3
3.900000000000002 1.4000000000000001
3.900000000000002 1.5000000000000002
3.900000000000002 1.6000000000000003
3.900000000000002 1.7000000000000004
3.900000000000002 1.8000000000000005
3.900000000000002 1.9000000000000006
3.900000000000002 2.0000000000000004
3.900000000000002 2.1000000000000005
3.900000000000002 2.2000000000000006
3.900000000000002 2.3000000000000007
3.900000000000002 2.400000000000001
3.900000000000002 2.500000000000001
3.900000000000002 2.600000000000001
3.900000000000002 2.700000000000001
3.900000000000002 2.800000000000001
3.900000000000002 2.9000000000000012
3.900000000000002 3.0000000000000013
4.000000000000002 0.0
4.000000000000002 0.1
4.000000000000002 0.2
4.000000000000002 0.30000000000000004
4.000000000000002 0.4
4.000000000000002 0.5
4.000000000000002 0.6
4.000000000000002 0.7
4.000000000000002 0.7999999999999999
4.000000000000002 0.8999999999999999
4.000000000000002 0.9999999999999999
4.000000000000002 1.0999999999999999
4.000000000000002 1.2
4.000000000000002 1.3
4.000000000000002 1.4000000000000001
4.000000000000002 1.5000000000000002
4.000000000000002 1.6000000000000003
4.000000000000002 1.7000000000000004
4.000000000000002 1.8000000000000005
4.000000000000002 1.9000000000000006
4.000000000000002 2.0000000000000004
4.000000000000002 2.1000000000000005
4.000000000000002 2.2000000000000006
4.000000000000002 2.3000000000000007
4.000000000000002 2.400000000000001
4.000000000000002 2.500000000000001
4.000000000000002 2.600000000000001
4.000000000000002 2.700000000000001
4.000000000000002 2.800000000000001
4.000000000000002 2.9000000000000012
4.000000000000002 3.0000000000000013
4.100000000000001 0.0
4.100000000000001 0.1
4.100000000000001 0.2
4.100000000000001 0.30000000000000004
4.100000000000001 0.4
4.100000000000001 0.5
4.100000000000001 0.6
4.100000000000001 0.7
4.100000000000001 0.7999999999999999
4.100000000000001 0.8999999999999999
4.100000000000001 0.9999999999999999
4.100000000000001 1.0999999999999999
4.100000000000001 1.2
4.100000000000001 1.3
4.100000000000001 1.4000000000000001
4.100000000000001 1.5000000000000002
4.100000000000001 1.6000000000000003
4.100000000000001 1.7000000000000004
4.100000000000001 1.8000000000000005
4.100000000000001 1.9000000000000006
4.100000000000001 2.0000000000000004
4.100000000000001 2.1000000000000005
4.100000000000001 2.2000000000000006
4.100000000000001 2.3000000000000007
4.100000000000001 2.400000000000001
4.100000000000001 2.500000000000001
4.100000000000001 2.600000000000001
4.100000000000001 2.700000000000001
4.100000000000001 2.800000000000001
4.100000000000001 2.9000000000000012
4.100000000000001 3.0000000000000013
4.200000000000001 0.0
4.200000000000001 0.1
4.200000000000001 0.2
4.200000000000001 0.30000000000000004
4.200000000000001 0.4
4.200000000000001 0.5
4.200000000000001 0.6
4.200000000000001 0.7
4.200000000000001 0.7999999999999999
4.200000000000001 0.8999999999999999
4.200000000000001 0.9999999999999999
4.200000000000001 1.0999999999999999
4.200000000000001 1.2
4.200000000000001 1.3
4.200000000000001 1.4000000000000001
4.200000000000001 1.5000000000000002
4.200000000000001 1.6000000000000003
4.200000000000001 1.7000000000000004
4.200000000000001 1.8000000000000005
4.200000000000001 1.9000000000000006
4.200000000000001 2.0000000000000004
4.200000000000001 2.1000000000000005
4.200000000000001 2.2000000000000006
4.200000000000001 2.3000000000000007
4.200000000000001 2.400000000000001
4.200000000000001 2.500000000000001
4.200000000000001 2.600000000000001
4.200000000000001 2.700000000000001
4.200000000000001 2.800000000000001
4.200000000000001 2.9000000000000012
4.200000000000001 3.0000000000000013
4.300000000000001 0.0
4.300000000000001 0.1
4.300000000000001 0.2
4.300000000000001 0.30000000000000004
4.300000000000001 0.4
4.300000000000001 0.5
4.300000000000001 0.6
4.300000000000001 0.7
4.300000000000001 0.7999999999999999
4.300000000000001 0.8999999999999999
4.300000000000001 0.9999999999999999
4.300000000000001 1.0999999999999999
4.300000000000001 1.2
4.300000000000001 1.3
4.300000000000001 1.4000000000000001
4.300000000000001 1.5000000000000002
4.300000000000001 1.6000000000000003
4.300000000000001 1.7000000000000004
4.300000000000001 1.8000000000000005
4.300000000000001 1.9000000000000006
4.300000000000001 2.0000000000000004
4.300000000000001 2.1000000000000005
4.300000000000001 2.2000000000000006
4.300000000000001 2.3000000000000007
4.300000000000001 2.400000000000001
4.300000000000001 2.500000000000001
4.300000000000001 2.600000000000001
4.300000000000001 2.700000000000001
4.300000000000001 2.800000000000001
4.300000000000001 2.9000000000000012
4.300000000000001 3.0000000000000013
4.4 0.0
4.4 0.1
4.4 0.2
4.4 0.30000000000000004
4.4 0.4
4.4 0.5
4.4 0.6
4.4 0.7
4.4 0.7999999999999999
4.4 0.8999999999999999
4.4 0.9999999999999999
4.4 1.0999999999999999
4.4 1.2
4.4 1.3
4.4 1.4000000000000001
4.4 1.5000000000000002
4.4 1.6000000000000003
4.4 1.7000000000000004
4.4 1.8000000000000005
4.4 1.9000000000000006
4.4 2.0000000000000004
4.4 2.1000000000000005
4.4 2.2000000000000006
4.4 2.3000000000000007
4.4 2.400000000000001
4.4 2.500000000000001
4.4 2.600000000000001
4.4 2.700000000000001
4.4 2.800000000000001
4.4 2.9000000000000012
4.4 3.0000000000000013
4.5 0.0
4.5 0.1
4.5 0.2
4.5 0.30000000000000004
4.5 0.4
4.5 0.5
4.5 0.6
4.5 0.7
4.5 0.7999999999999999
4.5 0.8999999999999999
4.5 0.9999999999999999
4.5 1.0999999999999999
4.5 1.2
4.5 1.3
4.5 1.4000000000000001
4.5 1.5000000000000002
4.5 1.6000000000000003
4.5 1.7000000000000004
4.5 1.8000000000000005
4.5 1.9000000000000006
4.5 2.0000000000000004
4.5 2.1000000000000005
4.5 2.2000000000000006
4.5 2.3000000000000007
4.5 2.400000000000001
4.5 2.500000000000001
4.5 2.600000000000001
4.5 2.700000000000001
4.5 2.800000000000001
4.5 2.9000000000000012
4.5 3.0000000000000013
4.6 0.0
4.6 0.1
4.6 0.2
4.6 0.30000000000000004
4.6 0.4
4.6 0.5
4.6 0.6
4.6 0.7
4.6 0.7999999999999999
4.6 0.8999999999999999
4.6 0.9999999999999999
4.6 1.0999999999999999
4.6 1.2
4.6 1.3
4.6 1.4000000000000001
4.6 1.5000000000000002
4.6 1.6000000000000003
4.6 1.7000000000000004
4.6 1.8000000000000005
4.6 1.9000000000000006
4.6 2.0000000000000004
4.6 2.1000000000000005
4.6 2.2000000000000006
4.6 2.3000000000000007
4.6 2.400000000000001
4.6 2.500000000000001
4.6 2.600000000000001
4.6 2.700000000000001
4.6 2.800000000000001
4.6 2.9000000000000012
4.6 3.0000000000000013
4.699999999999999 0.0
4.699999999999999 0.1
4.699999999999999 0.2
4.699999999999999 0.30000000000000004
4.699999999999999 0.4
4.699999999999999 0.5
4.699999999999999 0.6
4.699999999999999 0.7
4.699999999999999 0.7999999999999999
4.699999999999999 0.8999999999999999
4.699999999999999 0.9999999999999999
4.699999999999999 1.0999999999999999
4.699999999999999 1.2
4.699999999999999 1.3
4.699999999999999 1.4000000000000001
4.699999999999999 1.5000000000000002
4.699999999999999 1.6000000000000003
4.699999999999999 1.7000000000000004
4.699999999999999 1.8000000000000005
4.699999999999999 1.9000000000000006
4.699999999999999 2.0000000000000004
4.699999999999999 2.1000000000000005
4.699999999999999 2.2000000000000006
4.699999999999999 2.3000000000000007
4.699999999999999 2.400000000000001
4.699999999999999 2.500000000000001
4.699999999999999 2.600000000000001
4.699999999999999 2.700000000000001
4.699999999999999 2.800000000000001
4.699999999999999 2.9000000000000012
4.699999999999999 3.0000000000000013
4.799999999999999 0.0
4.799999999999999 0.1
4.799999999999999 0.2
4.799999999999999 0.30000000000000004
4.799999999999999 0.4
4.799999999999999 0.5
4.799999999999999 0.6
4.799999999999999 0.7
4.799999999999999 0.7999999999999999
4.799999999999999 0.8999999999999999
4.799999999999999 0.9999999999999999
4.799999999999999 1.0999999999999999
4.799999999999999 1.2
4.799999999999999 1.3
4.799999999999999 1.4000000000000001
4.799999999999999 1.5000000000000002
4.799999999999999 1.6000000000000003
4.799999999999999 1.7000000000000004
4.799999999999999 1.8000000000000005
4.799999999999999 1.9000000000000006
4.799999999999999 2.0000000000000004
4.799999999999999 2.1000000000000005
4.799999999999999 2.2000000000000006
4.799999999999999 2.3000000000000007
4.799999999999999 2.400000000000001
4.799999999999999 2.500000000000001
4.799999999999999 2.600000000000001
4.799999999999999 2.700000000000001
4.799999999999999 2.800000000000001
4.799999999999999 2.9000000000000012
4.799999999999999 3.0000000000000013
4.899999999999999 0.0
4.899999999999999 0.1
4.899999999999999 0.2
4.899999999999999 0.30000000000000004
4.899999999999999 0.4
4.899999999999999 0.5
4.899999999999999 0.6
4.899999999999999 0.7
4.899999999999999 0.7999999999999999
4.899999999999999 0.8999999999999999
4.899999999999999 0.9999999999999999
4.899999999999999 1.0999999999999999
4.899999999999999 1.2
4.899999999999999 1.3
4.899999999999999 1.4000000000000001
4.899999999999999 1.5000000000000002
4.899999999999999 1.6000000000000003
4.899999999999999 1.7000000000000004
4.899999999999999 1.8000000000000005
4.899999999999999 1.9000000000000006
4.899999999999999 2.0000000000000004
4.899999999999999 2.1000000000000005
4.899999999999999 2.2000000000000006
4.899999999999999 2.3000000000000007
4.899999999999999 2.400000000000001
4.899999999999999 2.500000000000001
4.899999999999999 2.600000000000001
4.899999999999999 2.700000000000001
4.899999999999999 2.800000000000001
4.899999999999999 2.9000000000000012
4.899999999999999 3.0000000000000013
4.999999999999998 0.0
4.999999999999998 0.1
4.999999999999998 0.2
4.999999999999998 0.30000000000000004
4.999999999999998 0.4
4.999999999999998 0.5
4.999999999999998 0.6
4.999999999999998 0.7
4.999999999999998 0.7999999999999999
4.999999999999998 0.8999999999999999
4.999999999999998 0.9999999999999999
4.999999999999998 1.0999999999999999
4.999999999999998 1.2
4.999999999999998 1.3
4.999999999999998 1.4000000000000001
4.999999999999998 1.5000000000000002
4.999999999999998 1.6000000000000003
4.999999999999998 1.7000000000000004
4.999999999999998 1.8000000000000005
4.999999999999998 1.9000000000000006
4.999999999999998 2.0000000000000004
4.999999999999998 2.1000000000000005
4.999999999999998 2.2000000000000006
4.999999999999998 2.3000000000000007
4.999999999999998 2.400000000000001
4.999999999999998 2.500000000000001
4.999999999999998 2.600000000000001
4.999999999999998 2.700000000000001
4.999999999999998 2.800000000000001
4.999999999999998 2.9000000000000012
4.999999999999998 3.0000000000000013
5.099999999999998 0.0
5.099999999999998 0.1
5.099999999999998 0.2
5.099999999999998 0.30000000000000004
5.099999999999998 0.4
5.099999999999998 0.5
5.099999999999998 0.6
5.099999999999998 0.7
5.099999999999998 0.7999999999999999
5.099999999999998 0.8999999999999999
5.099999999999998 0.9999999999999999
5.099999999999998 1.0999999999999999
5.099999999999998 1.2
5.099999999999998 1.3
5.099999999999998 1.4000000000000001
5.099999999999998 1.5000000000000002
5.099999999999998 1.6000000000000003
5.099999999999998 1.7000000000000004
5.099999999999998 1.8000000000000005
5.099999999999998 1.9000000000000006
5.099999999999998 2.0000000000000004
5.099999999999998 2.1000000000000005
5.099999999999998 2.2000000000000006
5.099999999999998 2.3000000000000007
5.099999999999998 2.400000000000001
5.099999999999998 2.500000000000001
5.099999999999998 2.600000000000001
5.099999999999998 2.700000000000001
5.099999999999998 2.800000000000001
5.099999999999998 2.9000000000000012
5.099999999999998 3.0000000000000013
5.1999999999999975 0.0
5.1999999999999975 0.1
5.1999999999999975 0.2
5.1999999999999975 0.30000000000000004
5.1999999999999975 0.4
5.1999999999999975 0.5
5.1999999999999975 0.6
5.1999999999999975 0.7
5.1999999999999975 0.7999999999999999
5.1999999999999975 0.8999999999999999
5.1999999999999975 0.9999999999999999
5.1999999999999975 1.0999999999999999
5.1999999999999975 1.2
5.1999999999999975 1.3
5.1999999999999975 1.4000000000000001
5.1999999999999975 1.5000000000000002
5.1999999999999975 1.6000000000000003
5.1999999999999975 1.7000000000000004
5.1999999999999975 1.8000000000000005
5.1999999999999975 1.9000000000000006
5.1999999999999975 2.0000000000000004
5.1999999999999975 2.1000000000000005
5.1999999999999975 2.2000000000000006
5.1999999999999975 2.3000000000000007
5.1999999999999975 2.400000000000001
5.1999999999999975 2.500000000000001
5.1999999999999975 2.600000000000001
5.1999999999999975 2.700000000000001
5.1999999999999975 2.800000000000001
5.1999999999999975 2.9000000000000012
5.1999999999999975 3.0000000000000013
5.299999999999997 0.0
5.299999999999997 0.1
5.299999999999997 0.2
5.299999999999997 0.30000000000000004
5.299999999999997 0.4
5.299999999999997 0.5
5.299999999999997 0.6
5.299999999999997 0.7
5.299999999999997 0.7999999999999999
5.299999999999997 0.8999999999999999
5.299999999999997 0.9999999999999999
5.299999999999997 1.0999999999999999
5.299999999999997 1.2
5.299999999999997 1.3
5.299999999999997 1.4000000000000001
5.299999999999997 1.5000000000000002
5.299999999999997 1.6000000000000003
5.299999999999997 1.7000000000000004
5.299999999999997 1.8000000000000005
5.299999999999997 1.9000000000000006
5.299999999999997 2.0000000000000004
5.299999999999997 2.1000000000000005
5.299999999999997 2.2000000000000006
5.299999999999997 2.3000000000000007
5.299999999999997 2.400000000000001
5.299999999999997 2.500000000000001
5.299999999999997 2.600000000000001
5.299999999999997 2.700000000000001
5.299999999999997 2.800000000000001
5.299999999999997 2.9000000000000012
5.299999999999997 3.0000000000000013
5.399999999999997 0.0
5.399999999999997 0.1
5.399999999999997 0.2
5.399999999999997 0.30000000000000004
5.399999999999997 0.4
5.399999999999997 0.5
5.399999999999997 0.6
5.399999999999997 0.7
5.399999999999997 0.7999999999999999
5.399999999999997 0.8999999999999999
5.399999999999997 0.9999999999999999
5.399999999999997 1.0999999999999999
5.399999999999997 1.2
5.399999999999997 1.3
5.399999999999997 1.4000000000000001
5.399999999999997 1.5000000000000002
5.399999999999997 1.6000000000000003
5.399999999999997 1.7000000000000004
5.399999999999997 1.8000000000000005
5.399999999999997 1.9000000000000006
5.399999999999997 2.0000000000000004
5.399999999999997 2.1000000000000005
5.399999999999997 2.2000000000000006
5.399999999999997 2.3000000000000007
5.399999999999997 2.400000000000001
5.399999999999997 2.500000000000001
5.399999999999997 2.600000000000001
5.399999999999997 2.700000000000001
5.399999999999997 2.800000000000001
5.399999999999997 2.9000000000000012
5.399999999999997 3.0000000000000013
5.4999999999999964 0.0
5.4999999999999964 0.1
5.4999999999999964 0.2
5.4999999999999964 0.30000000000000004
5.4999999999999964 0.4
5.4999999999999964 0.5
5.4999999999999964 0.6
5.4999999999999964 0.7
5.4999999999999964 0.7999999999999999
5.4999999999999964 0.8999999999999999
5.4999999999999964 0.9999999999999999
5.4999999999999964 1.0999999999999999
5.4999999999999964 1.2
5.4999999999999964 1.3
5.4999999999999964 1.4000000000000001
5.4999999999999964 1.5000000000000002
5.4999999999999964 1.6000000000000003
5.4999999999999964 1.7000000000000004
5.4999999999999964 1.8000000000000005
5.4999999999999964 1.9000000000000006
5.4999999999999964 2.0000000000000004
5.4999999999999964 2.1000000000000005
5.4999999999999964 2.2000000000000006
5.4999999999999964 2.3000000000000007
5.4999999999999964 2.400000000000001
5.4999999999999964 2.500000000000001
5.4999999999999964 2.600000000000001
5.4999999999999964 2.700000000000001
5.4999999999999964 2.800000000000001
5.4999999999999964 2.9000000000000012
5.4999999999999964 3.0000000000000013
5.599999999999996 0.0
5.599999999999996 0.1
5.599999999999996 0.2
5.599999999999996 0.30000000000000004
5.599999999999996 0.4
5.599999999999996 0.5
5.599999999999996 0.6
5.599999999999996 0.7
5.599999999999996 0.7999999999999999
5.599999999999996 0.8999999999999999
5.599999999999996 0.9999999999999999
5.599999999999996 1.0999999999999999
5.599999999999996 1.2
5.599999999999996 1.3
5.599999999999996 1.4000000000000001
5.599999999999996 1.5000000000000002
5.599999999999996 1.6000000000000003
5.599999999999996 1.7000000000000004
5.599999999999996 1.8000000000000005
5.599999999999996 1.9000000000000006
5.599999999999996 2.0000000000000004
5.599999999999996 2.1000000000000005
5.599999999999996 2.2000000000000006
5.599999999999996 2.3000000000000007
5.599999999999996 2.400000000000001
5.599999999999996 2.500000000000001
5.599999999999996 2.600000000000001
5.599999999999996 2.700000000000001
5.599999999999996 2.800000000000001
5.599999999999996 2.9000000000000012
5.599999999999996 3.0000000000000013
5.699999999999996 0.0
5.699999999999996 0.1
5.699999999999996 0.2
5.699999999999996 0.30000000000000004
5.699999999999996 0.4
5.699999999999996 0.5
5.699999999999996 0.6
5.699999999999996 0.7
5.699999999999996 0.7999999999999999
5.699999999999996 0.8999999999999999
5.699999999999996 0.9999999999999999
5.699999999999996 1.0999999999999999
5.699999999999996 1.2
5.699999999999996 1.3
5.699999999999996 1.4000000000000001
5.699999999999996 1.5000000000000002
5.699999999999996 1.6000000000000003
5.699999999999996 1.7000000000000004
5.699999999999996 1.8000000000000005
5.699999999999996 1.9000000000000006
5.699999999999996 2.0000000000000004
5.699999999999996 2.1000000000000005
5.699999999999996 2.2000000000000006
5.699999999999996 2.3000000000000007
5.699999999999996 2.400000000000001
5.699999999999996 2.500000000000001
5.699999999999996 2.600000000000001
5.699999999999996 2.700000000000001
5.699999999999996 2.800000000000001
5.699999999999996 2.9000000000000012
5.699999999999996 3.0000000000000013
5.799999999999995 0.0
5.799999999999995 0.1
5.799999999999995 0.2
5.799999999999995 0.30000000000000004
5.799999999999995 0.4
5.799999999999995 0.5
5.799999999999995 0.6
5.799999999999995 0.7
5.799999999999995 0.7999999999999999
5.799999999999995 0.8999999999999999
5.799999999999995 0.9999999999999999
5.799999999999995 1.0999999999999999
5.799999999999995 1.2
5.799999999999995 1.3
5.799999999999995 1.4000000000000001
5.799999999999995 1.5000000000000002
5.799999999999995 1.6000000000000003
5.799999999999995 1.7000000000000004
5.799999999999995 1.8000000000000005
5.799999999999995 1.9000000000000006
5.799999999999995 2.0000000000000004
5.799999999999995 2.1000000000000005
5.799999999999995 2.2000000000000006
5.799999999999995 2.3000000000000007
5.799999999999995 2.400000000000001
5.799999999999995 2.500000000000001
5.799999999999995 2.600000000000001
5.799999999999995 2.700000000000001
5.799999999999995 2.800000000000001
5.799999999999995 2.9000000000000012
5.799999999999995 3.0000000000000013
5.899999999999995 0.0
5.899999999999995 0.1
5.899999999999995 0.2
5.899999999999995 0.30000000000000004
5.899999999999995 0.4
5.899999999999995 0.5
5.899999999999995 0.6
5.899999999999995 0.7
5.899999999999995 0.7999999999999999
5.899999999999995 0.8999999999999999
5.899999999999995 0.9999999999999999
5.899999999999995 1.0999999999999999
5.899999999999995 1.2
5.899999999999995 1.3
5.899999999999995 1.4000000000000001
5.899999999999995 1.5000000000000002
5.899999999999995 1.6000000000000003
5.899999999999995 1.7000000000000004
5.899999999999995 1.8000000000000005
5.899999999999995 1.9000000000000006
5.899999999999995 2.0000000000000004
5.899999999999995 2.1000000000000005
5.899999999999995 2.2000000000000006
5.899999999999995 2.3000000000000007
5.899999999999995 2.400000000000001
5.899999999999995 2.500000000000001
5.899999999999995 2.600000000000001
5.899999999999995 2.700000000000001
5.899999999999995 2.800000000000001
5.899999999999995 2.9000000000000012
5.899999999999995 3.0000000000000013
5.999999999999995 0.0
5.999999999999995 0.1
5.999999999999995 0.2
5.999999999999995 0.30000000000000004
5.999999999999995 0.4
5.999999999999995 0.5
5.999999999999995 0.6
5.999999999999995 0.7
5.999999999999995 0.7999999999999999
5.999999999999995 0.8999999999999999
5.999999999999995 0.9999999999999999
5.999999999999995 1.0999999999999999
5.999999999999995 1.2
5.999999999999995 1.3
5.999999999999995 1.4000000000000001
5.999999999999995 1.5000000000000002
5.999999999999995 1.6000000000000003
5.999999999999995 1.7000000000000004
5.999999999999995 1.8000000000000005
5.999999999999995 1.9000000000000006
5.999999999999995 2.0000000000000004
5.999999999999995 2.1000000000000005
5.999999999999995 2.2000000000000006
5.999999999999995 2.3000000000000007
5.999999999999995 2.400000000000001
5.999999999999995 2.500000000000001
5.999999999999995 2.600000000000001
5.999999999999995 2.700000000000001
5.999999999999995 2.800000000000001
5.999999999999995 2.9000000000000012
5.999999999999995 3.0000000000000013
6.099999999999994 0.0
6.099999999999994 0.1
6.099999999999994 0.2
6.099999999999994 0.30000000000000004
6.099999999999994 0.4
6.099999999999994 0.5
6.099999999999994 0.6
6.099999999999994 0.7
6.099999999999994 0.7999999999999999
6.099999999999994 0.8999999999999999
6.099999999999994 0.9999999999999999
6.099999999999994 1.0999999999999999
6.099999999999994 1.2
6.099999999999994 1.3
6.099999999999994 1.4000000000000001
6.099999999999994 1.5000000000000002
6.099999999999994 1.6000000000000003
6.099999999999994 1.7000000000000004
6.099999999999994 1.8000000000000005
6.099999999999994 1.9000000000000006
6.099999999999994 2.0000000000000004
6.099999999999994 2.1000000000000005
6.099999999999994 2.2000000000000006
6.099999999999994 2.3000000000000007
6.099999999999994 2.400000000000001
6.099999999999994 2.500000000000001
6.099999999999994 2.600000000000001
6.099999999999994 2.700000000000001
6.099999999999994 2.800000000000001
6.099999999999994 2.9000000000000012
6.099999999999994 3.0000000000000013
6.199999999999994 0.0
6.199999999999994 0.1
6.199999999999994 0.2
6.199999999999994 0.30000000000000004
6.199999999999994 0.4
6.199999999999994 0.5
6.199999999999994 0.6
6.199999999999994 0.7
6.199999999999994 0.7999999999999999
6.199999999999994 0.8999999999999999
6.199999999999994 0.9999999999999999
6.199999999999994 1.0999999999999999
6.199999999999994 1.2
6.199999999999994 1.3
6.199999999999994 1.4000000000000001
6.199999999999994 1.5000000000000002
6.199999999999994 1.6000000000000003
6.199999999999994 1.7000000000000004
6.199999999999994 1.8000000000000005
6.199999999999994 1.9000000000000006
6.199999999999994 2.0000000000000004
6.199999999999994 2.1000000000000005
6.199999999999994 2.2000000000000006
6.199999999999994 2.3000000000000007
6.199999999999994 2.400000000000001
6.199999999999994 2.500000000000001
6.199999999999994 2.600000000000001
6.199999999999994 2.700000000000001
6.199999999999994 2.800000000000001
6.199999999999994 2.9000000000000012
6.199999999999994 3.0000000000000013
6.299999999999994 0.0
6.299999999999994 0.1
6.299999999999994 0.2
6.299999999999994 0.30000000000000004
6.299999999999994 0.4
6.299999999999994 0.5
6.299999999999994 0.6
6.299999999999994 0.7
6.299999999999994 0.7999999999999999
6.299999999999994 0.8999999999999999
6.299999999999994 0.9999999999999999
6.299999999999994 1.0999999999999999
6.299999999999994 1.2
6.299999999999994 1.3
6.299999999999994 1.4000000000000001
6.299999999999994 1.5000000000000002
6.299999999999994 1.6000000000000003
6.299999999999994 1.7000000000000004
6.299999999999994 1.8000000000000005
6.299999999999994 1.9000000000000006
6.299999999999994 2.0000000000000004
6.299999999999994 2.1000000000000005
6.299999999999994 2.2000000000000006
6.299999999999994 2.3000000000000007
6.299999999999994 2.400000000000001
6.299999999999994 2.500000000000001
6.299999999999994 2.600000000000001
6.299999999999994 2.700000000000001
6.299999999999994 2.800000000000001
6.299999999999994 2.9000000000000012
6.299999999999994 3.0000000000000013
6.399999999999993 0.0
6.399999999999993 0.1
6.399999999999993 0.2
6.399999999999993 0.30000000000000004
6.399999999999993 0.4
6.399999999999993 0.5
6.399999999999993 0.6
6.399999999999993 0.7
6.399999999999993 0.7999999999999999
6.399999999999993 0.8999999999999999
6.399999999999993 0.9999999999999999
6.399999999999993 1.0999999999999999
6.399999999999993 1.2
6.399999999999993 1.3
6.399999999999993 1.4000000000000001
6.399999999999993 1.5000000000000002
6.399999999999993 1.6000000000000003
6.399999999999993 1.7000000000000004
6.399999999999993 1.8000000000000005
6.399999999999993 1.9000000000000006
6.399999999999993 2.0000000000000004
6.399999999999993 2.1000000000000005
6.399999999999993 2.2000000000000006
6.399999999999993 2.3000000000000007
6.399999999999993 2.400000000000001
6.399999999999993 2.500000000000001
6.399999999999993 2.600000000000001
6.399999999999993 2.700000000000001
6.399999999999993 2.800000000000001
6.399999999999993 2.9000000000000012
6.399999999999993 3.0000000000000013
6.499999999999993 0.0
6.499999999999993 0.1
6.499999999999993 0.2
6.499999999999993 0.30000000000000004
6.499999999999993 0.4
6.499999999999993 0.5
6.499999999999993 0.6
6.499999999999993 0.7
6.499999999999993 0.7999999999999999
6.499999999999993 0.8999999999999999
6.499999999999993 0.9999999999999999
6.499999999999993 1.0999999999999999
6.499999999999993 1.2
6.499999999999993 1.3
6.499999999999993 1.4000000000000001
6.499999999999993 1.5000000000000002
6.499999999999993 1.6000000000000003
6.499999999999993 1.7000000000000004
6.499999999999993 1.8000000000000005
6.499999999999993 1.9000000000000006
6.499999999999993 2.0000000000000004
6.499999999999993 2.1000000000000005
6.499999999999993 2.2000000000000006
6.499999999999993 2.3000000000000007
6.499999999999993 2.400000000000001
6.499999999999993 2.500000000000001
6.499999999999993 2.600000000000001
6.499999999999993 2.700000000000001
6.499999999999993 2.800000000000001
6.499999999999993 2.9000000000000012
6.499999999999993 3.0000000000000013
6.5999999999999925 0.0
6.5999999999999925 0.1
6.5999999999999925 0.2
6.5999999999999925 0.30000000000000004
6.5999999999999925 0.4
6.5999999999999925 0.5
6.5999999999999925 0.6
6.5999999999999925 0.7
6.5999999999999925 0.7999999999999999
6.5999999999999925 0.8999999999999999
6.5999999999999925 0.9999999999999999
6.5999999999999925 1.0999999999999999
6.5999999999999925 1.2
6.5999999999999925 1.3
6.5999999999999925 1.4000000000000001
6.5999999999999925 1.5000000000000002
6.5999999999999925 1.6000000000000003
6.5999999999999925 1.7000000000000004
6.5999999999999925 1.8000000000000005
6.5999999999999925 1.9000000000000006
6.5999999999999925 2.0000000000000004
6.5999999999999925 2.1000000000000005
6.5999999999999925 2.2000000000000006
6.5999999999999925 2.3000000000000007
6.5999999999999925 2.400000000000001
6.5999999999999925 2.500000000000001
6.5999999999999925 2.600000000000001
6.5999999999999925 2.700000000000001
6.5999999999999925 2.800000000000001
6.5999999999999925 2.9000000000000012
6.5999999999999925 3.0000000000000013
6.699999999999992 0.0
6.699999999999992 0.1
6.699999999999992 0.2
6.699999999999992 0.30000000000000004
6.699999999999992 0.4
6.699999999999992 0.5
6.699999999999992 0.6
6.699999999999992 0.7
6.699999999999992 0.7999999999999999
6.699999999999992 0.8999999999999999
6.699999999999992 0.9999999999999999
6.699999999999992 1.0999999999999999
6.699999999999992 1.2
6.699999999999992 1.3
6.699999999999992 1.4000000000000001
6.699999999999992 1.5000000000000002
6.699999999999992 1.6000000000000003
6.699999999999992 1.7000000000000004
6.699999999999992 1.8000000000000005
6.699999999999992 1.9000000000000006
6.699999999999992 2.0000000000000004
6.699999999999992 2.1000000000000005
6.699999999999992 2.2000000000000006
6.699999999999992 2.3000000000000007
6.699999999999992 2.400000000000001
6.699999999999992 2.500000000000001
6.699999999999992 2.600000000000001
6.699999999999992 2.700000000000001
6.699999999999992 2.800000000000001
6.699999999999992 2.9000000000000012
6.699999999999992 3.0000000000000013
6.799999999999992 0.0
6.799999999999992 0.1
6.799999999999992 0.2
6.799999999999992 0.30000000000000004
6.799999999999992 0.4
6.799999999999992 0.5
6.799999999999992 0.6
6.799999999999992 0.7
6.799999999999992 0.7999999999999999
6.799999999999992 0.8999999999999999
6.799999999999992 0.9999999999999999
6.799999999999992 1.0999999999999999
6.799999999999992 1.2
6.799999999999992 1.3
6.799999999999992 1.4000000000000001
6.799999999999992 1.5000000000000002
6.799999999999992 1.6000000000000003
6.799999999999992 1.7000000000000004
6.799999999999992 1.8000000000000005
6.799999999999992 1.9000000000000006
6.799999999999992 2.0000000000000004
6.799999999999992 2.1000000000000005
6.799999999999992 2.2000000000000006
6.799999999999992 2.3000000000000007
6.799999999999992 2.400000000000001
6.799999999999992 2.500000000000001
6.799999999999992 2.600000000000001
6.799999999999992 2.700000000000001
6.799999999999992 2.800000000000001
6.799999999999992 2.9000000000000012
6.799999999999992 3.0000000000000013
6.8999999999999915 0.0
6.8999999999999915 0.1
6.8999999999999915 0.2
6.8999999999999915 0.30000000000000004
6.8999999999999915 0.4
6.8999999999999915 0.5
6.8999999999999915 0.6
6.8999999999999915 0.7
6.8999999999999915 0.7999999999999999
6.8999999999999915 0.8999999999999999
6.8999999999999915 0.9999999999999999
6.8999999999999915 1.0999999999999999
6.8999999999999915 1.2
6.8999999999999915 1.3
6.8999999999999915 1.4000000000000001
6.8999999999999915 1.5000000000000002
6.8999999999999915 1.6000000000000003
6.8999999999999915 1.7000000000000004
6.8999999999999915 1.8000000000000005
6.8999999999999915 1.9000000000000006
6.8999999999999915 2.0000000000000004
6.8999999999999915 2.1000000000000005
6.8999999999999915 2.2000000000000006
6.8999999999999915 2.3000000000000007
6.8999999999999915 2.400000000000001
6.8999999999999915 2.500000000000001
6.8999999999999915 2.600000000000001
6.8999999999999915 2.700000000000001
6.8999999999999915 2.800000000000001
6.8999999999999915 2.9000000000000012
6.8999999999999915 3.0000000000000013
6.999999999999991 0.0
6.999999999999991 0.1
6.999999999999991 0.2
6.999999999999991 0.30000000000000004
6.999999999999991 0.4
6.999999999999991 0.5
6.999999999999991 0.6
6.999999999999991 0.7
6.999999999999991 0.7999999999999999
6.999999999999991 0.8999999999999999
6.999999999999991 0.9999999999999999
6.999999999999991 1.0999999999999999
6.999999999999991 1.2
6.999999999999991 1.3
6.999999999999991 1.4000000000000001
6.999999999999991 1.5000000000000002
6.999999999999991 1.6000000000000003
6.999999999999991 1.7000000000000004
6.999999999999991 1.8000000000000005
6.999999999999991 1.9000000000000006
6.999999999999991 2.0000000000000004
6.999999999999991 2.1000000000000005
6.999999999999991 2.2000000000000006
6.999999999999991 2.3000000000000007
6.999999999999991 2.400000000000001
6.999999999999991 2.500000000000001
6.999999999999991 2.600000000000001
6.999999999999991 2.700000000000001
6.999999999999991 2.800000000000001
6.999999999999991 2.9000000000000012
6.999999999999991 3.0000000000000013
7.099999999999991 0.0
7.099999999999991 0.1
7.099999999999991 0.2
7.099999999999991 0.30000000000000004
7.099999999999991 0.4
7.099999999999991 0.5
7.099999999999991 0.6
7.099999999999991 0.7
7.099999999999991 0.7999999999999999
7.099999999999991 0.8999999999999999
7.099999999999991 0.9999999999999999
7.099999999999991 1.0999999999999999
7.099999999999991 1.2
7.099999999999991 1.3
7.099999999999991 1.4000000000000001
7.099999999999991 1.5000000000000002
7.099999999999991 1.6000000000000003
7.099999999999991 1.7000000000000004
7.099999999999991 1.8000000000000005
7.099999999999991 1.9000000000000006
7.099999999999991 2.0000000000000004
7.099999999999991 2.1000000000000005
7.099999999999991 2.2000000000000006
7.099999999999991 2.3000000000000007
7.099999999999991 2.400000000000001
7.099999999999991 2.500000000000001
7.099999999999991 2.600000000000001
7.099999999999991 2.700000000000001
7.099999999999991 2.800000000000001
7.099999999999991 2.9000000000000012
7.099999999999991 3.0000000000000013
7.19999999999999 0.0
7.19999999999999 0.1
7.19999999999999 0.2
7.19999999999999 0.30000000000000004
7.19999999999999 0.4
7.19999999999999 0.5
7.19999999999999 0.6
7.19999999999999 0.7
7.19999999999999 0.7999999999999999
7.19999999999999 0.8999999999999999
7.19999999999999 0.9999999999999999
7.19999999999999 1.0999999999999999
7.19999999999999 1.2
7.19999999999999 1.3
7.19999999999999 1.4000000000000001
7.19999999999999 1.5000000000000002
7.19999999999999 1.6000000000000003
7.19999999999999 1.7000000000000004
7.19999999999999 1.8000000000000005
7.19999999999999 1.9000000000000006
7.19999999999999 2.0000000000000004
7.19999999999999 2.1000000000000005
7.19999999999999 2.2000000000000006
7.19999999999999 2.3000000000000007
7.19999999999999 2.400000000000001
7.19999999999999 2.500000000000001
7.19999999999999 2.600000000000001
7.19999999999999 2.700000000000001
7.19999999999999 2.800000000000001
7.19999999999999 2.9000000000000012
7.19999999999999 3.0000000000000013
7.29999999999999 0.0
7.29999999999999 0.1
7.29999999999999 0.2
7.29999999999999 0.30000000000000004
7.29999999999999 0.4
7.29999999999999 0.5
7.29999999999999 0.6
7.29999999999999 0.7
7.29999999999999 0.7999999999999999
7.29999999999999 0.8999999999999999
7.29999999999999 0.9999999999999999
7.29999999999999 1.0999999999999999
7.29999999999999 1.2
7.29999999999999 1.3
7.29999999999999 1.4000000000000001
7.29999999999999 1.5000000000000002
7.29999999999999 1.6000000000000003
7.29999999999999 1.7000000000000004
7.29999999999999 1.8000000000000005
7.29999999999999 1.9000000000000006
7.29999999999999 2.0000000000000004
7.29999999999999 2.1000000000000005
7.29999999999999 2.2000000000000006
7.29999999999999 2.3000000000000007
7.29999999999999 2.400000000000001
7.29999999999999 2.500000000000001
7.29999999999999 2.600000000000001
7.29999999999999 2.700000000000001
7.29999999999999 2.800000000000001
7.29999999999999 2.9000000000000012
7.29999999999999 3.0000000000000013
7.39999999999999 0.0
7.39999999999999 0.1
7.39999999999999 0.2
7.39999999999999 0.30000000000000004
7.39999999999999 0.4
7.39999999999999 0.5
7.39999999999999 0.6
7.39999999999999 0.7
7.39999999999999 0.7999999999999999
7.39999999999999 0.8999999999999999
7.39999999999999 0.9999999999999999
7.39999999999999 1.0999999999999999
7.39999999999999 1.2
7.39999999999999 1.3
7.39999999999999 1.4000000000000001
7.39999999999999 1.5000000000000002
7.39999999999999 1.6000000000000003
7.39999999999999 1.7000000000000004
7.39999999999999 1.8000000000000005
7.39999999999999 1.9000000000000006
7.39999999999999 2.0000000000000004
7.39999999999999 2.1000000000000005
7.39999999999999 2.2000000000000006
7.39999999999999 2.3000000000000007
7.39999999999999 2.400000000000001
7.39999999999999 2.500000000000001
7.39999999999999 2.600000000000001
7.39999999999999 2.700000000000001
7.39999999999999 2.800000000000001
7.39999999999999 2.9000000000000012
7.39999999999999 3.0000000000000013
7.499999999999989 0.0
7.499999999999989 0.1
7.499999999999989 0.2
7.499999999999989 0.30000000000000004
7.499999999999989 0.4
7.499999999999989 0.5
7.499999999999989 0.6
7.499999999999989 0.7
7.499999999999989 0.7999999999999999
7.499999999999989 0.8999999999999999
7.499999999999989 0.9999999999999999
7.499999999999989 1.0999999999999999
7.499999999999989 1.2
7.499999999999989 1.3
7.499999999999989 1.4000000000000001
7.499999999999989 1.5000000000000002
7.499999999999989 1.6000000000000003
7.499999999999989 1.7000000000000004
7.499999999999989 1.8000000000000005
7.499999999999989 1.9000000000000006
7.499999999999989 2.0000000000000004
7.499999999999989 2.1000000000000005
7.499999999999989 2.2000000000000006
7.499999999999989 2.3000000000000007
7.499999999999989 2.400000000000001
7.499999999999989 2.500000000000001
7.499999999999989 2.600000000000001
7.499999999999989 2.700000000000001
7.499999999999989 2.800000000000001
7.499999999999989 2.9000000000000012
7.499999999999989 3.0000000000000013
7.599999999999989 0.0
7.599999999999989 0.1
7.599999999999989 0.2
7.599999999999989 0.30000000000000004
7.599999999999989 0.4
7.599999999999989 0.5
7.599999999999989 0.6
7.599999999999989 0.7
7.599999999999989 0.7999999999999999
7.599999999999989 0.8999999999999999
7.599999999999989 0.9999999999999999
7.599999999999989 1.0999999999999999
7.599999999999989 1.2
7.599999999999989 1.3
7.599999999999989 1.4000000000000001
7.599999999999989 1.5000000000000002
7.599999999999989 1.6000000000000003
7.599999999999989 1.7000000000000004
7.599999999999989 1.8000000000000005
7.599999999999989 1.9000000000000006
7.599999999999989 2.0000000000000004
7.599999999999989 2.1000000000000005
7.599999999999989 2.2000000000000006
7.599999999999989 2.3000000000000007
7.599999999999989 2.400000000000001
7.599999999999989 2.500000000000001
7.599999999999989 2.600000000000001
7.599999999999989 2.700000000000001
7.599999999999989 2.800000000000001
7.599999999999989 2.9000000000000012
7.599999999999989 3.0000000000000013
7.699999999999989 0.0
7.699999999999989 0.1
7.699999999999989 0.2
7.699999999999989 0.30000000000000004
7.699999999999989 0.4
7.699999999999989 0.5
7.699999999999989 0.6
7.699999999999989 0.7
7.699999999999989 0.7999999999999999
7.699999999999989 0.8999999999999999
7.699999999999989 0.9999999999999999
7.699999999999989 1.0999999999999999
7.699999999999989 1.2
7.699999999999989 1.3
7.699999999999989 1.4000000000000001
7.699999999999989 1.5000000000000002
7.699999999999989 1.6000000000000003
7.699999999999989 1.7000000000000004
7.699999999999989 1.8000000000000005
7.699999999999989 1.9000000000000006
7.699999999999989 2.0000000000000004
7.699999999999989 2.1000000000000005
7.699999999999989 2.2000000000000006
7.699999999999989 2.3000000000000007
7.699999999999989 2.400000000000001
7.699999999999989 2.500000000000001
7.699999999999989 2.600000000000001
7.699999999999989 2.700000000000001
7.699999999999989 2.800000000000001
7.699999999999989 2.9000000000000012
7.699999999999989 3.0000000000000013
7.799999999999988 0.0
7.799999999999988 0.1
7.799999999999988 0.2
7.799999999999988 0.30000000000000004
7.799999999999988 0.4
7.799999999999988 0.5
7.799999999999988 0.6
7.799999999999988 0.7
7.799999999999988 0.7999999999999999
7.799999999999988 0.8999999999999999
7.799999999999988 0.9999999999999999
7.799999999999988 1.0999999999999999
7.799999999999988 1.2
7.799999999999988 1.3
7.799999999999988 1.4000000000000001
7.799999999999988 1.5000000000000002
7.799999999999988 1.6000000000000003
7.799999999999988 1.7000000000000004
7.799999999999988 1.8000000000000005
7.799999999999988 1.9000000000000006
7.799999999999988 2.0000000000000004
7.799999999999988 2.1000000000000005
7.799999999999988 2.2000000000000006
7.799999999999988 2.3000000000000007
7.799999999999988 2.400000000000001
7.799999999999988 2.500000000000001
7.799999999999988 2.600000000000001
7.799999999999988 2.700000000000001
7.799999999999988 2.800000000000001
7.799999999999988 2.9000000000000012
7.799999999999988 3.0000000000000013
7.899999999999988 0.0
7.899999999999988 0.1
7.899999999999988 0.2
7.899999999999988 0.30000000000000004
7.899999999999988 0.4
7.899999999999988 0.5
7.899999999999988 0.6
7.899999999999988 0.7
7.899999999999988 0.7999999999999999
7.899999999999988 0.8999999999999999
7.899999999999988 0.9999999999999999
7.899999999999988 1.0999999999999999
7.899999999999988 1.2
7.899999999999988 1.3
7.899999999999988 1.4000000000000001
7.899999999999988 1.5000000000000002
7.899999999999988 1.6000000000000003
7.899999999999988 1.7000000000000004
7.899999999999988 1.8000000000000005
7.899999999999988 1.9000000000000006
7.899999999999988 2.0000000000000004
7.899999999999988 2.1000000000000005
7.899999999999988 2.2000000000000006
7.899999999999988 2.3000000000000007
7.899999999999988 2.400000000000001
7.899999999999988 2.500000000000001
7.899999999999988 2.600000000000001
7.899999999999988 2.700000000000001
7.899999999999988 2.800000000000001
7.899999999999988 2.9000000000000012
7.899999999999988 3.0000000000000013
7.999999999999988 0.0
7.999999999999988 0.1
7.999999999999988 0.2
7.999999999999988 0.30000000000000004
7.999999999999988 0.4
7.999999999999988 0.5
7.999999999999988 0.6
7.999999999999988 0.7
7.999999999999988 0.7999999999999999
7.999999999999988 0.8999999999999999
7.999999999999988 0.9999999999999999
7.999999999999988 1.0999999999999999
7.999999999999988 1.2
7.999999999999988 1.3
7.999999999999988 1.4000000000000001
7.999999999999988 1.5000000000000002
7.999999999999988 1.6000000000000003
7.999999999999988 1.7000000000000004
7.999999999999988 1.8000000000000005
7.999999999999988 1.9000000000000006
7.999999999999988 2.0000000000000004
7.999999999999988 2.1000000000000005
7.999999999999988 2.2000000000000006
7.999999999999988 2.3000000000000007
7.999999999999988 2.400000000000001
7.999999999999988 2.500000000000001
7.999999999999988 2.600000000000001
7.999999999999988 2.700000000000001
7.999999999999988 2.800000000000001
7.999999999999988 2.9000000000000012
7.999999999999988 3.0000000000000013
8.099999999999987 0.0
8.099999999999987 0.1
8.099999999999987 0.2
8.099999999999987 0.30000000000000004
8.099999999999987 0.4
8.099999999999987 0.5
8.099999999999987 0.6
8.099999999999987 0.7
8.099999999999987 0.7999999999999999
8.099999999999987 0.8999999999999999
8.099999999999987 0.9999999999999999
8.099999999999987 1.0999999999999999
8.099999999999987 1.2
8.099999999999987 1.3
8.099999999999987 1.4000000000000001
8.099999999999987 1.5000000000000002
8.099999999999987 1.6000000000000003
8.099999999999987 1.7000000000000004
8.099999999999987 1.8000000000000005
8.099999999999987 1.9000000000000006
8.099999999999987 2.0000000000000004
8.099999999999987 2.1000000000000005
8.099999999999987 2.2000000000000006
8.099999999999987 2.3000000000000007
8.099999999999987 2.400000000000001
8.099999999999987 2.500000000000001
8.099999999999987 2.600000000000001
8.099999999999987 2.700000000000001
8.099999999999987 2.800000000000001
8.099999999999987 2.9000000000000012
8.099999999999987 3.0000000000000013
8.199999999999987 0.0
8.199999999999987 0.1
8.199999999999987 0.2
8.199999999999987 0.30000000000000004
8.199999999999987 0.4
8.199999999999987 0.5
8.199999999999987 0.6
8.199999999999987 0.7
8.199999999999987 0.7999999999999999
8.199999999999987 0.8999999999999999
8.199999999999987 0.9999999999999999
8.199999999999987 1.0999999999999999
8.199999999999987 1.2
8.199999999999987 1.3
8.199999999999987 1.4000000000000001
8.199999999999987 1.5000000000000002
8.199999999999987 1.6000000000000003
8.199999999999987 1.7000000000000004
8.199999999999987 1.8000000000000005
8.199999999999987 1.9000000000000006
8.199999999999987 2.0000000000000004
8.199999999999987 2.1000000000000005
8.199999999999987 2.2000000000000006
8.199999999999987 2.3000000000000007
8.199999999999987 2.400000000000001
8.199999999999987 2.500000000000001
8.199999999999987 2.600000000000001
8.199999999999987 2.700000000000001
8.199999999999987 2.800000000000001
8.199999999999987 2.9000000000000012
8.199999999999987 3.0000000000000013
8.299999999999986 0.0
8.299999999999986 0.1
8.299999999999986 0.2
8.299999999999986 0.30000000000000004
8.299999999999986 0.4
8.299999999999986 0.5
8.299999999999986 0.6
8.299999999999986 0.7
8.299999999999986 0.7999999999999999
8.299999999999986 0.8999999999999999
8.299999999999986 0.9999999999999999
8.299999999999986 1.0999999999999999
8.299999999999986 1.2
8.299999999999986 1.3
8.299999999999986 1.4000000000000001
8.299999999999986 1.5000000000000002
8.299999999999986 1.6000000000000003
8.299999999999986 1.7000000000000004
8.299999999999986 1.8000000000000005
8.299999999999986 1.9000000000000006
8.299999999999986 2.0000000000000004
8.299999999999986 2.1000000000000005
8.299999999999986 2.2000000000000006
8.299999999999986 2.3000000000000007
8.299999999999986 2.400000000000001
8.299999999999986 2.500000000000001
8.299999999999986 2.600000000000001
8.299999999999986 2.700000000000001
8.299999999999986 2.800000000000001
8.299999999999986 2.9000000000000012
8.299999999999986 3.0000000000000013
8.399999999999986 0.0
8.399999999999986 0.1
8.399999999999986 0.2
8.399999999999986 0.30000000000000004
8.399999999999986 0.4
8.399999999999986 0.5
8.399999999999986 0.6
8.399999999999986 0.7
8.399999999999986 0.7999999999999999
8.399999999999986 0.8999999999999999
8.399999999999986 0.9999999999999999
8.399999999999986 1.0999999999999999
8.399999999999986 1.2
8.399999999999986 1.3
8.399999999999986 1.4000000000000001
8.399999999999986 1.5000000000000002
8.399999999999986 1.6000000000000003
8.399999999999986 1.7000000000000004
8.399999999999986 1.8000000000000005
8.399999999999986 1.9000000000000006
8.399999999999986 2.0000000000000004
8.399999999999986 2.1000000000000005
8.399999999999986 2.2000000000000006
8.399999999999986 2.3000000000000007
8.399999999999986 2.400000000000001
8.399999999999986 2.500000000000001
8.399999999999986 2.600000000000001
8.399999999999986 2.700000000000001
8.399999999999986 2.800000000000001
8.399999999999986 2.9000000000000012
8.399999999999986 3.0000000000000013
8.499999999999986 0.0
8.499999999999986 0.1
8.499999999999986 0.2
8.499999999999986 0.30000000000000004
8.499999999999986 0.4
8.499999999999986 0.5
8.499999999999986 0.6
8.499999999999986 0.7
8.499999999999986 0.7999999999999999
8.499999999999986 0.8999999999999999
8.499999999999986 0.9999999999999999
8.499999999999986 1.0999999999999999
8.499999999999986 1.2
8.499999999999986 1.3
8.499999999999986 1.4000000000000001
8.499999999999986 1.5000000000000002
8.499999999999986 1.6000000000000003
8.499999999999986 1.7000000000000004
8.499999999999986 1.8000000000000005
8.499999999999986 1.9000000000000006
8.499999999999986 2.0000000000000004
8.499999999999986 2.1000000000000005
8.499999999999986 2.2000000000000006
8.499999999999986 2.3000000000000007
8.499999999999986 2.400000000000001
8.499999999999986 2.500000000000001
8.499999999999986 2.600000000000001
8.499999999999986 2.700000000000001
8.499999999999986 2.800000000000001
8.499999999999986 2.9000000000000012
8.499999999999986 3.0000000000000013
8.599999999999985 0.0
8.599999999999985 0.1
8.599999999999985 0.2
8.599999999999985 0.30000000000000004
8.599999999999985 0.4
8.599999999999985 0.5
8.599999999999985 0.6
8.599999999999985 0.7
8.599999999999985 0.7999999999999999
8.599999999999985 0.8999999999999999
8.599999999999985 0.9999999999999999
8.599999999999985 1.0999999999999999
8.599999999999985 1.2
8.599999999999985 1.3
8.599999999999985 1.4000000000000001
8.599999999999985 1.5000000000000002
8.599999999999985 1.6000000000000003
8.599999999999985 1.7000000000000004
8.599999999999985 1.8000000000000005
8.599999999999985 1.9000000000000006
8.599999999999985 2.0000000000000004
8.599999999999985 2.1000000000000005
8.599999999999985 2.2000000000000006
8.599999999999985 2.3000000000000007
8.599999999999985 2.400000000000001
8.599999999999985 2.500000000000001
8.599999999999985 2.600000000000001
8.599999999999985 2.700000000000001
8.599999999999985 2.800000000000001
8.599999999999985 2.9000000000000012
8.599999999999985 3.0000000000000013
8.699999999999985 0.0
8.699999999999985 0.1
8.699999999999985 0.2
8.699999999999985 0.30000000000000004
8.699999999999985 0.4
8.699999999999985 0.5
8.699999999999985 0.6
8.699999999999985 0.7
8.699999999999985 0.7999999999999999
8.699999999999985 0.8999999999999999
8.699999999999985 0.9999999999999999
8.699999999999985 1.0999999999999999
8.699999999999985 1.2
8.699999999999985 1.3
8.699999999999985 1.4000000000000001
8.699999999999985 1.5000000000000002
8.699999999999985 1.6000000000000003
8.699999999999985 1.7000000000000004
8.699999999999985 1.8000000000000005
8.699999999999985 1.9000000000000006
8.699999999999985 2.0000000000000004
8.699999999999985 2.1000000000000005
8.699999999999985 2.2000000000000006
8.699999999999985 2.3000000000000007
8.699999999999985 2.400000000000001
8.699999999999985 2.500000000000001
8.699999999999985 2.600000000000001
8.699999999999985 2.700000000000001
8.699999999999985 2.800000000000001
8.699999999999985 2.9000000000000012
8.699999999999985 3.0000000000000013
8.799999999999985 0.0
8.799999999999985 0.1
8.799999999999985 0.2
8.799999999999985 0.30000000000000004
8.799999999999985 0.4
8.799999999999985 0.5
8.799999999999985 0.6
8.799999999999985 0.7
8.799999999999985 0.7999999999999999
8.799999999999985 0.8999999999999999
8.799999999999985 0.9999999999999999
8.799999999999985 1.0999999999999999
8.799999999999985 1.2
8.799999999999985 1.3
8.799999999999985 1.4000000000000001
8.799999999999985 1.5000000000000002
8.799999999999985 1.6000000000000003
8.799999999999985 1.7000000000000004
8.799999999999985 1.8000000000000005
8.799999999999985 1.9000000000000006
8.799999999999985 2.0000000000000004
8.799999999999985 2.1000000000000005
8.799999999999985 2.2000000000000006
8.799999999999985 2.3000000000000007
8.799999999999985 2.400000000000001
8.799999999999985 2.500000000000001
8.799999999999985 2.600000000000001
8.799999999999985 2.700000000000001
8.799999999999985 2.800000000000001
8.799999999999985 2.9000000000000012
8.799999999999985 3.0000000000000013
8.899999999999984 0.0
8.899999999999984 0.1
8.899999999999984 0.2
8.899999999999984 0.30000000000000004
8.899999999999984 0.4
8.899999999999984 0.5
8.899999999999984 0.6
8.899999999999984 0.7
8.899999999999984 0.7999999999999999
8.899999999999984 0.8999999999999999
8.899999999999984 0.9999999999999999
8.899999999999984 1.0999999999999999
8.899999999999984 1.2
8.899999999999984 1.3
8.899999999999984 1.4000000000000001
8.899999999999984 1.5000000000000002
8.899999999999984 1.6000000000000003
8.899999999999984 1.7000000000000004
8.899999999999984 1.8000000000000005
8.899999999999984 1.9000000000000006
8.899999999999984 2.0000000000000004
8.899999999999984 2.1000000000000005
8.899999999999984 2.2000000000000006
8.899999999999984 2.3000000000000007
8.899999999999984 2.400000000000001
8.899999999999984 2.500000000000001
8.899999999999984 2.600000000000001
8.899999999999984 2.700000000000001
8.899999999999984 2.800000000000001
8.899999999999984 2.9000000000000012
8.899999999999984 3.0000000000000013
8.999999999999984 0.0
8.999999999999984 0.1
8.999999999999984 0.2
8.999999999999984 0.30000000000000004
8.999999999999984 0.4
8.999999999999984 0.5
8.999999999999984 0.6
8.999999999999984 0.7
8.999999999999984 0.7999999999999999
8.999999999999984 0.8999999999999999
8.999999999999984 0.9999999999999999
8.999999999999984 1.0999999999999999
8.999999999999984 1.2
8.999999999999984 1.3
8.999999999999984 1.4000000000000001
8.999999999999984 1.5000000000000002
8.999999999999984 1.6000000000000003
8.999999999999984 1.7000000000000004
8.999999999999984 1.8000000000000005
8.999999999999984 1.9000000000000006
8.999999999999984 2.0000000000000004
8.999999999999984 2.1000000000000005
8.999999999999984 2.2000000000000006
8.999999999999984 2.3000000000000007
8.999999999999984 2.400000000000001
8.999999999999984 2.500000000000001
8.999999999999984 2.600000000000001
8.999999999999984 2.700000000000001
8.999999999999984 2.800000000000001
8.999999999999984 2.9000000000000012
8.999999999999984 3.0000000000000013
